#Energy      Si-K-shell   Si-L1-shell   Si-L2-shell   Si-L3-shell   O-K-shell   Valence  Total
          0.1000          1.00000000E+30          1.00000000E+30          1.00000000E+30          1.00000000E+30          1.00000000E+30          1.66666667E+29          1.00000000E+30
          0.2000          1.00000000E+30          1.00000000E+30          1.00000000E+30          1.00000000E+30          1.00000000E+30          1.66666667E+29          1.00000000E+30
          0.3000          1.00000000E+30          1.00000000E+30          1.00000000E+30          1.00000000E+30          1.00000000E+30          1.66666667E+29          1.00000000E+30
          0.4000          1.00000000E+30          1.00000000E+30          1.00000000E+30          1.00000000E+30          1.00000000E+30          1.66666667E+29          1.00000000E+30
          0.5000          1.00000000E+30          1.00000000E+30          1.00000000E+30          1.00000000E+30          1.00000000E+30          1.66666667E+29          1.00000000E+30
          0.6000          1.00000000E+30          1.00000000E+30          1.00000000E+30          1.00000000E+30          1.00000000E+30          1.66666667E+29          1.00000000E+30
          0.7000          1.00000000E+30          1.00000000E+30          1.00000000E+30          1.00000000E+30          1.00000000E+30          1.66666667E+29          1.00000000E+30
          0.8000          1.00000000E+30          1.00000000E+30          1.00000000E+30          1.00000000E+30          1.00000000E+30          1.66666667E+29          1.00000000E+30
          0.9000          1.00000000E+30          1.00000000E+30          1.00000000E+30          1.00000000E+30          1.00000000E+30          1.66666667E+29          1.00000000E+30
          1.0000          1.00000000E+30          1.00000000E+30          1.00000000E+30          1.00000000E+30          1.00000000E+30          1.66666667E+29          1.00000000E+30
          2.0000          1.00000000E+30          1.00000000E+30          1.00000000E+30          1.00000000E+30          1.00000000E+30          1.66666667E+29          1.00000000E+30
          3.0000          1.00000000E+30          1.00000000E+30          1.00000000E+30          1.00000000E+30          1.00000000E+30          1.66666667E+29          1.00000000E+30
          4.0000          1.00000000E+30          1.00000000E+30          1.00000000E+30          1.00000000E+30          1.00000000E+30          1.66666667E+29          1.00000000E+30
          5.0000          1.00000000E+30          1.00000000E+30          1.00000000E+30          1.00000000E+30          1.00000000E+30          1.66666667E+29          1.00000000E+30
          6.0000          1.00000000E+30          1.00000000E+30          1.00000000E+30          1.00000000E+30          1.00000000E+30          1.66666667E+29          1.00000000E+30
          7.0000          1.00000000E+30          1.00000000E+30          1.00000000E+30          1.00000000E+30          1.00000000E+30          1.66666667E+29          1.00000000E+30
          8.0000          1.00000000E+30          1.00000000E+30          1.00000000E+30          1.00000000E+30          1.00000000E+30          1.66666667E+29          1.00000000E+30
          9.0000          1.00000000E+30          1.00000000E+30          1.00000000E+30          1.00000000E+30          1.00000000E+30          2.28221506E+02          2.28221506E+02
         10.0000          1.00000000E+30          1.00000000E+30          1.00000000E+30          1.00000000E+30          1.00000000E+30          3.22250876E+02          3.22250876E+02
         11.0000          1.00000000E+30          1.00000000E+30          1.00000000E+30          1.00000000E+30          1.00000000E+30          4.64375884E+02          4.64375884E+02
         12.0000          1.00000000E+30          1.00000000E+30          1.00000000E+30          1.00000000E+30          1.00000000E+30          6.76764406E+02          6.76764406E+02
         13.0000          1.00000000E+30          1.00000000E+30          1.00000000E+30          1.00000000E+30          1.00000000E+30          9.92901937E+02          9.92901937E+02
         14.0000          1.00000000E+30          1.00000000E+30          1.00000000E+30          1.00000000E+30          1.00000000E+30          2.17933517E+02          2.17933517E+02
         15.0000          1.00000000E+30          1.00000000E+30          1.00000000E+30          1.00000000E+30          1.00000000E+30          2.11461257E+02          2.11461257E+02
         16.0000          1.00000000E+30          1.00000000E+30          1.00000000E+30          1.00000000E+30          1.00000000E+30          2.06466195E+02          2.06466195E+02
         17.0000          1.00000000E+30          1.00000000E+30          1.00000000E+30          1.00000000E+30          1.00000000E+30          2.04367976E+02          2.04367976E+02
         18.0000          1.00000000E+30          1.00000000E+30          1.00000000E+30          1.00000000E+30          1.00000000E+30          2.03359956E+02          2.03359956E+02
         19.0000          1.00000000E+30          1.00000000E+30          1.00000000E+30          1.00000000E+30          1.00000000E+30          2.03213382E+02          2.03213382E+02
         20.0000          1.00000000E+30          1.00000000E+30          1.00000000E+30          1.00000000E+30          1.00000000E+30          2.04093355E+02          2.04093355E+02
         21.0000          1.00000000E+30          1.00000000E+30          1.00000000E+30          1.00000000E+30          1.00000000E+30          2.05464579E+02          2.05464579E+02
         22.0000          1.00000000E+30          1.00000000E+30          1.00000000E+30          1.00000000E+30          1.00000000E+30          2.08007954E+02          2.08007954E+02
         23.0000          1.00000000E+30          1.00000000E+30          1.00000000E+30          1.00000000E+30          1.00000000E+30          2.10955352E+02          2.10955352E+02
         24.0000          1.00000000E+30          1.00000000E+30          1.00000000E+30          1.00000000E+30          1.00000000E+30          2.13789678E+02          2.13789678E+02
         25.0000          1.00000000E+30          1.00000000E+30          1.00000000E+30          1.00000000E+30          1.00000000E+30          2.17449996E+02          2.17449996E+02
         26.0000          1.00000000E+30          1.00000000E+30          1.00000000E+30          1.00000000E+30          1.00000000E+30          2.21203605E+02          2.21203605E+02
         27.0000          1.00000000E+30          1.00000000E+30          1.00000000E+30          1.00000000E+30          1.00000000E+30          2.25674472E+02          2.25674472E+02
         28.0000          1.00000000E+30          1.00000000E+30          1.00000000E+30          1.00000000E+30          1.00000000E+30          2.30200362E+02          2.30200362E+02
         29.0000          1.00000000E+30          1.00000000E+30          1.00000000E+30          1.00000000E+30          1.00000000E+30          2.24541819E+02          2.24541819E+02
         30.0000          1.00000000E+30          1.00000000E+30          1.00000000E+30          1.00000000E+30          1.00000000E+30          2.28061555E+02          2.28061555E+02
         31.0000          1.00000000E+30          1.00000000E+30          1.00000000E+30          1.00000000E+30          1.00000000E+30          2.31889005E+02          2.31889005E+02
         32.0000          1.00000000E+30          1.00000000E+30          1.00000000E+30          1.00000000E+30          1.00000000E+30          2.35970201E+02          2.35970201E+02
         33.0000          1.00000000E+30          1.00000000E+30          1.00000000E+30          1.00000000E+30          1.00000000E+30          2.40330581E+02          2.40330581E+02
         34.0000          1.00000000E+30          1.00000000E+30          1.00000000E+30          1.00000000E+30          1.00000000E+30          2.44791314E+02          2.44791314E+02
         35.0000          1.00000000E+30          1.00000000E+30          1.00000000E+30          1.00000000E+30          1.00000000E+30          2.49593827E+02          2.49593827E+02
         36.0000          1.00000000E+30          1.00000000E+30          1.00000000E+30          1.00000000E+30          1.00000000E+30          2.54869552E+02          2.54869552E+02
         37.0000          1.00000000E+30          1.00000000E+30          1.00000000E+30          1.00000000E+30          1.00000000E+30          2.60258549E+02          2.60258549E+02
         38.0000          1.00000000E+30          1.00000000E+30          1.00000000E+30          1.00000000E+30          1.00000000E+30          2.65594568E+02          2.65594568E+02
         39.0000          1.00000000E+30          1.00000000E+30          1.00000000E+30          1.00000000E+30          1.00000000E+30          2.71611165E+02          2.71611165E+02
         40.0000          1.00000000E+30          1.00000000E+30          1.00000000E+30          1.00000000E+30          1.00000000E+30          2.78039780E+02          2.78039780E+02
         41.0000          1.00000000E+30          1.00000000E+30          1.00000000E+30          1.00000000E+30          1.00000000E+30          2.84077789E+02          2.84077789E+02
         42.0000          1.00000000E+30          1.00000000E+30          1.00000000E+30          1.00000000E+30          1.00000000E+30          2.90990553E+02          2.90990553E+02
         43.0000          1.00000000E+30          1.00000000E+30          1.00000000E+30          1.00000000E+30          1.00000000E+30          2.97912644E+02          2.97912644E+02
         44.0000          1.00000000E+30          1.00000000E+30          1.00000000E+30          1.00000000E+30          1.00000000E+30          3.05135287E+02          3.05135287E+02
         45.0000          1.00000000E+30          1.00000000E+30          1.00000000E+30          1.00000000E+30          1.00000000E+30          3.12935472E+02          3.12935472E+02
         46.0000          1.00000000E+30          1.00000000E+30          1.00000000E+30          1.00000000E+30          1.00000000E+30          3.20430713E+02          3.20430713E+02
         47.0000          1.00000000E+30          1.00000000E+30          1.00000000E+30          1.00000000E+30          1.00000000E+30          3.28346824E+02          3.28346824E+02
         48.0000          1.00000000E+30          1.00000000E+30          1.00000000E+30          1.00000000E+30          1.00000000E+30          3.37244508E+02          3.37244508E+02
         49.0000          1.00000000E+30          1.00000000E+30          1.00000000E+30          1.00000000E+30          1.00000000E+30          3.45527628E+02          3.45527628E+02
         50.0000          1.00000000E+30          1.00000000E+30          1.00000000E+30          1.00000000E+30          1.00000000E+30          3.55063415E+02          3.55063415E+02
         51.0000          1.00000000E+30          1.00000000E+30          1.00000000E+30          1.00000000E+30          1.00000000E+30          3.64249622E+02          3.64249622E+02
         52.0000          1.00000000E+30          1.00000000E+30          1.00000000E+30          1.00000000E+30          1.00000000E+30          3.73207297E+02          3.73207297E+02
         53.0000          1.00000000E+30          1.00000000E+30          1.00000000E+30          1.00000000E+30          1.00000000E+30          3.83669394E+02          3.83669394E+02
         54.0000          1.00000000E+30          1.00000000E+30          1.00000000E+30          1.00000000E+30          1.00000000E+30          3.93735380E+02          3.93735380E+02
         55.0000          1.00000000E+30          1.00000000E+30          1.00000000E+30          1.00000000E+30          1.00000000E+30          4.03602938E+02          4.03602938E+02
         56.0000          1.00000000E+30          1.00000000E+30          1.00000000E+30          1.00000000E+30          1.00000000E+30          4.14570134E+02          4.14570134E+02
         57.0000          1.00000000E+30          1.00000000E+30          1.00000000E+30          1.00000000E+30          1.00000000E+30          4.25731586E+02          4.25731586E+02
         58.0000          1.00000000E+30          1.00000000E+30          1.00000000E+30          1.00000000E+30          1.00000000E+30          4.37581998E+02          4.37581998E+02
         59.0000          1.00000000E+30          1.00000000E+30          1.00000000E+30          1.00000000E+30          1.00000000E+30          4.48475233E+02          4.48475233E+02
         60.0000          1.00000000E+30          1.00000000E+30          1.00000000E+30          1.00000000E+30          1.00000000E+30          4.61154967E+02          4.61154967E+02
         61.0000          1.00000000E+30          1.00000000E+30          1.00000000E+30          1.00000000E+30          1.00000000E+30          4.73303025E+02          4.73303025E+02
         62.0000          1.00000000E+30          1.00000000E+30          1.00000000E+30          1.00000000E+30          1.00000000E+30          4.85331111E+02          4.85331111E+02
         63.0000          1.00000000E+30          1.00000000E+30          1.00000000E+30          1.00000000E+30          1.00000000E+30          4.98395257E+02          4.98395257E+02
         64.0000          1.00000000E+30          1.00000000E+30          1.00000000E+30          1.00000000E+30          1.00000000E+30          5.11538024E+02          5.11538024E+02
         65.0000          1.00000000E+30          1.00000000E+30          1.00000000E+30          1.00000000E+30          1.00000000E+30          5.25742718E+02          5.25742718E+02
         66.0000          1.00000000E+30          1.00000000E+30          1.00000000E+30          1.00000000E+30          1.00000000E+30          5.40810672E+02          5.40810672E+02
         67.0000          1.00000000E+30          1.00000000E+30          1.00000000E+30          1.00000000E+30          1.00000000E+30          5.53357389E+02          5.53357389E+02
         68.0000          1.00000000E+30          1.00000000E+30          1.00000000E+30          1.00000000E+30          1.00000000E+30          5.68875289E+02          5.68875289E+02
         69.0000          1.00000000E+30          1.00000000E+30          1.00000000E+30          1.00000000E+30          1.00000000E+30          5.82428675E+02          5.82428675E+02
         70.0000          1.00000000E+30          1.00000000E+30          1.00000000E+30          1.00000000E+30          1.00000000E+30          5.98362949E+02          5.98362949E+02
         71.0000          1.00000000E+30          1.00000000E+30          1.00000000E+30          1.00000000E+30          1.00000000E+30          6.12525045E+02          6.12525045E+02
         72.0000          1.00000000E+30          1.00000000E+30          1.00000000E+30          1.00000000E+30          1.00000000E+30          6.28809856E+02          6.28809856E+02
         73.0000          1.00000000E+30          1.00000000E+30          1.00000000E+30          1.00000000E+30          1.00000000E+30          6.45364964E+02          6.45364964E+02
         74.0000          1.00000000E+30          1.00000000E+30          1.00000000E+30          1.00000000E+30          1.00000000E+30          6.60540034E+02          6.60540034E+02
         75.0000          1.00000000E+30          1.00000000E+30          1.00000000E+30          1.00000000E+30          1.00000000E+30          6.77733742E+02          6.77733742E+02
         76.0000          1.00000000E+30          1.00000000E+30          1.00000000E+30          1.00000000E+30          1.00000000E+30          6.94167066E+02          6.94167066E+02
         77.0000          1.00000000E+30          1.00000000E+30          1.00000000E+30          1.00000000E+30          1.00000000E+30          7.11807195E+02          7.11807195E+02
         78.0000          1.00000000E+30          1.00000000E+30          1.00000000E+30          1.00000000E+30          1.00000000E+30          7.29920955E+02          7.29920955E+02
         79.0000          1.00000000E+30          1.00000000E+30          1.00000000E+30          1.00000000E+30          1.00000000E+30          7.48062539E+02          7.48062539E+02
         80.0000          1.00000000E+30          1.00000000E+30          1.00000000E+30          1.00000000E+30          1.00000000E+30          7.65683781E+02          7.65683781E+02
         81.0000          1.00000000E+30          1.00000000E+30          1.00000000E+30          1.00000000E+30          1.00000000E+30          7.85133361E+02          7.85133361E+02
         82.0000          1.00000000E+30          1.00000000E+30          1.00000000E+30          1.00000000E+30          1.00000000E+30          8.05722368E+02          8.05722368E+02
         83.0000          1.00000000E+30          1.00000000E+30          1.00000000E+30          1.00000000E+30          1.00000000E+30          8.21717722E+02          8.21717722E+02
         84.0000          1.00000000E+30          1.00000000E+30          1.00000000E+30          1.00000000E+30          1.00000000E+30          8.41513259E+02          8.41513259E+02
         85.0000          1.00000000E+30          1.00000000E+30          1.00000000E+30          1.00000000E+30          1.00000000E+30          8.62697332E+02          8.62697332E+02
         86.0000          1.00000000E+30          1.00000000E+30          1.00000000E+30          1.00000000E+30          1.00000000E+30          8.83305709E+02          8.83305709E+02
         87.0000          1.00000000E+30          1.00000000E+30          1.00000000E+30          1.00000000E+30          1.00000000E+30          9.02696658E+02          9.02696658E+02
         88.0000          1.00000000E+30          1.00000000E+30          1.00000000E+30          1.00000000E+30          1.00000000E+30          9.24190180E+02          9.24190180E+02
         89.0000          1.00000000E+30          1.00000000E+30          1.00000000E+30          1.00000000E+30          1.00000000E+30          9.45988890E+02          9.45988890E+02
         90.0000          1.00000000E+30          1.00000000E+30          1.00000000E+30          1.00000000E+30          1.00000000E+30          9.65111818E+02          9.65111818E+02
         91.0000          1.00000000E+30          1.00000000E+30          1.00000000E+30          1.00000000E+30          1.00000000E+30          9.87463597E+02          9.87463597E+02
         92.0000          1.00000000E+30          1.00000000E+30          1.00000000E+30          1.00000000E+30          1.00000000E+30          1.00940787E+03          1.00940787E+03
         93.0000          1.00000000E+30          1.00000000E+30          1.00000000E+30          1.00000000E+30          1.00000000E+30          1.03339608E+03          1.03339608E+03
         94.0000          1.00000000E+30          1.00000000E+30          1.00000000E+30          1.00000000E+30          1.00000000E+30          1.05419245E+03          1.05419245E+03
         95.0000          1.00000000E+30          1.00000000E+30          1.00000000E+30          1.00000000E+30          1.00000000E+30          1.07793676E+03          1.07793676E+03
         96.0000          1.00000000E+30          1.00000000E+30          1.00000000E+30          1.00000000E+30          1.00000000E+30          1.10230123E+03          1.10230123E+03
         97.0000          1.00000000E+30          1.00000000E+30          1.00000000E+30          1.00000000E+30          1.00000000E+30          1.12416160E+03          1.12416160E+03
         98.0000          1.00000000E+30          1.00000000E+30          1.00000000E+30          1.00000000E+30          1.00000000E+30          1.14927727E+03          1.14927727E+03
         99.0000          1.00000000E+30          1.00000000E+30          1.00000000E+30          1.00000000E+30          1.00000000E+30          1.17159275E+03          1.17159275E+03
        100.0000          1.00000000E+30          1.00000000E+30          1.00000000E+30          1.00000000E+30          1.00000000E+30          1.19682562E+03          1.19682562E+03
        103.9990          1.00000000E+30          1.00000000E+30          1.00000000E+30          1.00000000E+30          1.00000000E+30          1.29850653E+03          1.29850653E+03
        104.0010          1.00000000E+30          1.00000000E+30          3.27310508E+04          1.20924555E+04          1.00000000E+30          1.29723537E+03          1.13107029E+03
        110.0000          1.00000000E+30          1.00000000E+30          4.71047525E+03          2.01602256E+03          1.00000000E+30          1.46096282E+03          7.17978630E+02
        120.0000          1.00000000E+30          1.00000000E+30          2.69300912E+03          1.32756395E+03          1.00000000E+30          1.75839891E+03          5.90566162E+02
        130.0000          1.00000000E+30          1.00000000E+30          2.65229212E+03          1.35008001E+03          1.00000000E+30          2.09092052E+03          6.26571333E+02
        140.0000          1.00000000E+30          1.00000000E+30          2.82073411E+03          1.40713887E+03          1.00000000E+30          2.45467370E+03          6.79086861E+02
        150.0000          1.00000000E+30          1.00000000E+30          2.96760132E+03          1.48248211E+03          1.00000000E+30          2.86233478E+03          7.34817553E+02
        153.9990          1.00000000E+30          1.00000000E+30          3.05122546E+03          1.51918912E+03          1.00000000E+30          3.04089829E+03          7.60552711E+02
        154.0010          1.00000000E+30          9.39297406E+03          3.05126646E+03          1.52595870E+03          1.00000000E+30          3.04099454E+03          7.05039207E+02
        160.0000          1.00000000E+30          9.52129517E+03          3.20472968E+03          1.60502276E+03          1.00000000E+30          3.30386530E+03          7.44720067E+02
        170.0000          1.00000000E+30          9.74317436E+03          3.53468882E+03          1.77226797E+03          1.00000000E+30          3.79407700E+03          8.24155154E+02
        180.0000          1.00000000E+30          9.94327783E+03          3.90899791E+03          1.96193905E+03          1.00000000E+30          4.31038368E+03          9.10673630E+02
        190.0000          1.00000000E+30          1.02548670E+04          4.32222442E+03          2.17154325E+03          1.00000000E+30          4.87267123E+03          1.00542400E+03
        200.0000          1.00000000E+30          1.07377872E+04          4.75841209E+03          2.39095026E+03          1.00000000E+30          5.48017593E+03          1.10619122E+03
        210.0000          1.00000000E+30          1.13315608E+04          5.24331823E+03          2.63694999E+03          1.00000000E+30          6.14051747E+03          1.21795745E+03
        220.0000          1.00000000E+30          1.19167112E+04          5.80605237E+03          2.92212451E+03          1.00000000E+30          6.82705426E+03          1.34256542E+03
        230.0000          1.00000000E+30          1.24871121E+04          6.38678911E+03          3.21363711E+03          1.00000000E+30          7.56766974E+03          1.47065151E+03
        240.0000          1.00000000E+30          1.30553717E+04          7.04188402E+03          3.54194357E+03          1.00000000E+30          8.36470157E+03          1.61164216E+03
        250.0000          1.00000000E+30          1.36834860E+04          7.75557292E+03          3.89950082E+03          1.00000000E+30          9.19869287E+03          1.76312578E+03
        260.0000          1.00000000E+30          1.43154883E+04          8.47931068E+03          4.29216998E+03          1.00000000E+30          1.01044902E+04          1.92405074E+03
        270.0000          1.00000000E+30          1.50407326E+04          9.30631700E+03          4.68950073E+03          1.00000000E+30          1.10135500E+04          2.09213959E+03
        280.0000          1.00000000E+30          1.57547699E+04          1.01309460E+04          5.10561678E+03          1.00000000E+30          1.20272182E+04          2.26660860E+03
        290.0000          1.00000000E+30          1.65707654E+04          1.09913374E+04          5.56215626E+03          1.00000000E+30          1.30669618E+04          2.45312533E+03
        300.0000          1.00000000E+30          1.73414340E+04          1.19639881E+04          6.03834286E+03          1.00000000E+30          1.41824550E+04          2.64993652E+03
        310.0000          1.00000000E+30          1.82001847E+04          1.30095729E+04          6.57726919E+03          1.00000000E+30          1.53198186E+04          2.86430626E+03
        320.0000          1.00000000E+30          1.90216982E+04          1.40028070E+04          7.06739760E+03          1.00000000E+30          1.64963609E+04          3.06654378E+03
        330.0000          1.00000000E+30          1.99752296E+04          1.51576031E+04          7.65028563E+03          1.00000000E+30          1.77609826E+04          3.29975547E+03
        340.0000          1.00000000E+30          2.07830516E+04          1.63928671E+04          8.27123110E+03          1.00000000E+30          1.90682420E+04          3.54029325E+03
        350.0000          1.00000000E+30          2.17955709E+04          1.76799359E+04          8.91286136E+03          1.00000000E+30          2.04784446E+04          3.79547808E+03
        360.0000          1.00000000E+30          2.27145035E+04          1.89354718E+04          9.57482175E+03          1.00000000E+30          2.18994748E+04          4.04957565E+03
        370.0000          1.00000000E+30          2.35978989E+04          2.03896656E+04          1.02743728E+04          1.00000000E+30          2.33831726E+04          4.31934759E+03
        380.0000          1.00000000E+30          2.46349659E+04          2.17755496E+04          1.10220364E+04          1.00000000E+30          2.49542262E+04          4.60158376E+03
        390.0000          1.00000000E+30          2.56568344E+04          2.33342931E+04          1.17759642E+04          1.00000000E+30          2.65691344E+04          4.89266127E+03
        400.0000          1.00000000E+30          2.68057062E+04          2.49544969E+04          1.25863899E+04          1.00000000E+30          2.82115291E+04          5.20086175E+03
        410.0000          1.00000000E+30          2.78285507E+04          2.66288620E+04          1.34299128E+04          1.00000000E+30          2.99779290E+04          5.51553488E+03
        420.0000          1.00000000E+30          2.89680839E+04          2.84180648E+04          1.43284298E+04          1.00000000E+30          3.17756437E+04          5.84892468E+03
        430.0000          1.00000000E+30          3.01134119E+04          3.01650239E+04          1.52683968E+04          1.00000000E+30          3.36091749E+04          6.18783882E+03
        440.0000          1.00000000E+30          3.13972521E+04          3.20788995E+04          1.62631701E+04          1.00000000E+30          3.55445570E+04          6.55113135E+03
        450.0000          1.00000000E+30          3.25282230E+04          3.40580468E+04          1.72867162E+04          1.00000000E+30          3.75648828E+04          6.91693690E+03
        460.0000          1.00000000E+30          3.36679795E+04          3.62297344E+04          1.82956576E+04          1.00000000E+30          3.95558927E+04          7.28640391E+03
        470.0000          1.00000000E+30          3.49275957E+04          3.84216383E+04          1.95084157E+04          1.00000000E+30          4.17987088E+04          7.70168183E+03
        480.0000          1.00000000E+30          3.63060679E+04          4.07069436E+04          2.05619915E+04          1.00000000E+30          4.39763947E+04          8.09832453E+03
        490.0000          1.00000000E+30          3.75267414E+04          4.31277378E+04          2.17773788E+04          1.00000000E+30          4.62303678E+04          8.51900433E+03
        500.0000          1.00000000E+30          3.89833454E+04          4.56014059E+04          2.30226023E+04          1.00000000E+30          4.85647748E+04          8.95995038E+03
        510.0000          1.00000000E+30          4.01948779E+04          4.79996500E+04          2.43028816E+04          1.00000000E+30          5.09573452E+04          9.39108952E+03
        520.0000          1.00000000E+30          4.16966493E+04          5.07072482E+04          2.56809484E+04          1.00000000E+30          5.33965170E+04          9.86475674E+03
        530.0000          1.00000000E+30          4.31317311E+04          5.34474944E+04          2.71116600E+04          1.00000000E+30          5.60874469E+04          1.03510519E+04
        537.9990          1.00000000E+30          4.44402203E+04          5.59344189E+04          2.82282573E+04          1.00000000E+30          5.81247293E+04          1.07515211E+04
        538.0010          1.00000000E+30          4.44405574E+04          5.59350696E+04          2.82285691E+04          4.75621378E+03          5.81253030E+04          3.29749584E+03
        540.0000          1.00000000E+30          4.47800562E+04          5.63100499E+04          2.85436551E+04          4.71806270E+03          5.87044228E+04          3.28828236E+03
        550.0000          1.00000000E+30          4.60908765E+04          5.95263766E+04          3.00400413E+04          4.77506577E+03          6.13776665E+04          3.36136469E+03
        560.0000          1.00000000E+30          4.78094977E+04          6.24665650E+04          3.16104573E+04          4.92727286E+03          6.43723846E+04          3.48375434E+03
        570.0000          1.00000000E+30          4.90941955E+04          6.54861974E+04          3.32051339E+04          5.04930425E+03          6.71299751E+04          3.58810316E+03
        580.0000          1.00000000E+30          5.08413282E+04          6.88452016E+04          3.48434750E+04          5.16086015E+03          7.03818129E+04          3.69182803E+03
        590.0000          1.00000000E+30          5.23655967E+04          7.25939342E+04          3.66078461E+04          5.31849878E+03          7.31821367E+04          3.81860365E+03
        600.0000          1.00000000E+30          5.39389629E+04          7.60389654E+04          3.85604330E+04          5.50628597E+03          7.65853777E+04          3.96366294E+03
        610.0000          1.00000000E+30          5.57566664E+04          7.96234134E+04          4.03733615E+04          5.71818271E+03          7.96389526E+04          4.12030623E+03
        620.0000          1.00000000E+30          5.72877038E+04          8.34211922E+04          4.22627984E+04          5.94147858E+03          8.29205950E+04          4.28315805E+03
        630.0000          1.00000000E+30          5.91710041E+04          8.72552070E+04          4.42576725E+04          6.20530864E+03          8.62943247E+04          4.47034578E+03
        640.0000          1.00000000E+30          6.07045529E+04          9.11754920E+04          4.62735918E+04          6.44939373E+03          8.99532105E+04          4.64636706E+03
        650.0000          1.00000000E+30          6.26131318E+04          9.53811392E+04          4.83407052E+04          6.71307743E+03          9.34068600E+04          4.83534040E+03
        660.0000          1.00000000E+30          6.43865949E+04          9.97228517E+04          5.06742600E+04          6.96759107E+03          9.73021643E+04          5.02280985E+03
        670.0000          1.00000000E+30          6.64113173E+04          1.04498937E+05          5.29582340E+04          7.26166119E+03          1.00861958E+05          5.23193064E+03
        680.0000          1.00000000E+30          6.82067351E+04          1.08870026E+05          5.53012294E+04          7.52014772E+03          1.04763363E+05          5.42150032E+03
        690.0000          1.00000000E+30          7.03175696E+04          1.14120154E+05          5.76092215E+04          7.77636025E+03          1.08926614E+05          5.61426892E+03
        700.0000          1.00000000E+30          7.20649003E+04          1.18699618E+05          6.03401161E+04          8.06750431E+03          1.12804159E+05          5.82435869E+03
        710.0000          1.00000000E+30          7.42423635E+04          1.23637191E+05          6.27581978E+04          8.38129698E+03          1.16829795E+05          6.04724752E+03
        720.0000          1.00000000E+30          7.59889941E+04          1.28599767E+05          6.53514058E+04          8.63191958E+03          1.21260596E+05          6.23699809E+03
        730.0000          1.00000000E+30          7.81901954E+04          1.34394360E+05          6.79581610E+04          8.90217786E+03          1.25454407E+05          6.44130110E+03
        740.0000          1.00000000E+30          8.01766569E+04          1.39450793E+05          7.09976968E+04          9.19269674E+03          1.29818712E+05          6.65719272E+03
        750.0000          1.00000000E+30          8.24779389E+04          1.45107948E+05          7.36527871E+04          9.50992917E+03          1.34563613E+05          6.88810653E+03
        760.0000          1.00000000E+30          8.45052243E+04          1.51508314E+05          7.66030545E+04          9.79924736E+03          1.38981299E+05          7.10570134E+03
        770.0000          1.00000000E+30          8.68581296E+04          1.57048131E+05          7.96290235E+04          1.01336967E+04          1.43797488E+05          7.34896229E+03
        780.0000          1.00000000E+30          8.93458129E+04          1.62919260E+05          8.30529151E+04          1.04276428E+04          1.48658396E+05          7.57594268E+03
        790.0000          1.00000000E+30          9.12321510E+04          1.69151233E+05          8.60411726E+04          1.07735913E+04          1.53565919E+05          7.82309285E+03
        800.0000          1.00000000E+30          9.37430918E+04          1.76027136E+05          8.91982481E+04          1.11174703E+04          1.58874313E+05          8.07740213E+03
        810.0000          1.00000000E+30          9.63961593E+04          1.82334820E+05          9.25419095E+04          1.14977809E+04          1.63699149E+05          8.35099152E+03
        820.0000          1.00000000E+30          9.81837204E+04          1.89784033E+05          9.62279049E+04          1.18215646E+04          1.69288256E+05          8.59517186E+03
        830.0000          1.00000000E+30          1.00798319E+05          1.96174865E+05          9.96146494E+04          1.22171143E+04          1.74431624E+05          8.87766180E+03
        840.0000          1.00000000E+30          1.03048178E+05          2.03242749E+05          1.03606444E+05          1.26400505E+04          1.79769550E+05          9.17830171E+03
        850.0000          1.00000000E+30          1.05735900E+05          2.11239491E+05          1.07035051E+05          1.29518135E+04          1.85584169E+05          9.42223972E+03
        860.0000          1.00000000E+30          1.08070842E+05          2.18548322E+05          1.10805707E+05          1.33815376E+04          1.91092905E+05          9.72606278E+03
        870.0000          1.00000000E+30          1.10808446E+05          2.26181025E+05          1.15087589E+05          1.37510236E+04          1.97037674E+05          1.00068162E+04
        880.0000          1.00000000E+30          1.13688351E+05          2.34889896E+05          1.18970290E+05          1.42030843E+04          2.02738264E+05          1.03307428E+04
        890.0000          1.00000000E+30          1.15871955E+05          2.42326806E+05          1.23037654E+05          1.45778517E+04          2.08796180E+05          1.06077115E+04
        900.0000          1.00000000E+30          1.18772268E+05          2.50296665E+05          1.27655034E+05          1.49822315E+04          2.14956790E+05          1.09115303E+04
        910.0000          1.00000000E+30          1.21821500E+05          2.59349764E+05          1.31613942E+05          1.54416065E+04          2.21417001E+05          1.12436647E+04
        920.0000          1.00000000E+30          1.23905261E+05          2.67817543E+05          1.36491852E+05          1.58616848E+04          2.27553527E+05          1.15512673E+04
        930.0000          1.00000000E+30          1.26910610E+05          2.77541887E+05          1.40662703E+05          1.63452488E+04          2.33885448E+05          1.18980647E+04
        940.0000          1.00000000E+30          1.30065374E+05          2.86005459E+05          1.45203867E+05          1.67471463E+04          2.40791912E+05          1.22045915E+04
        950.0000          1.00000000E+30          1.32472065E+05          2.94746564E+05          1.50277091E+05          1.72442856E+04          2.48018448E+05          1.25599638E+04
        960.0000          1.00000000E+30          1.35663459E+05          3.04859626E+05          1.54823458E+05          1.76742669E+04          2.54032505E+05          1.28822341E+04
        970.0000          1.00000000E+30          1.38225986E+05          3.14466872E+05          1.60193870E+05          1.81800351E+04          2.61594284E+05          1.32476548E+04
        980.0000          1.00000000E+30          1.41388152E+05          3.24375573E+05          1.64824179E+05          1.86419506E+04          2.67987937E+05          1.35875820E+04
        990.0000          1.00000000E+30          1.44216768E+05          3.35236379E+05          1.70407924E+05          1.91678833E+04          2.75174843E+05          1.39684504E+04
       1000.0000          1.00000000E+30          1.47425002E+05          3.45552638E+05          1.75553429E+05          1.96254615E+04          2.82736405E+05          1.43134464E+04
       1100.0000          1.00000000E+30          1.80524053E+05          4.64804853E+05          2.36217758E+05          2.52257529E+04          3.62226761E+05          1.84070604E+04
       1200.0000          1.00000000E+30          2.16955268E+05          6.08699534E+05          3.10312972E+05          3.18307272E+04          4.56394738E+05          2.32115958E+04
       1300.0000          1.00000000E+30          2.58772204E+05          7.85111732E+05          4.00688622E+05          3.94628167E+04          5.62013456E+05          2.87741326E+04
       1400.0000          1.00000000E+30          3.05121319E+05          9.93687230E+05          5.06984587E+05          4.81796691E+04          6.84744583E+05          3.51219470E+04
       1500.0000          1.00000000E+30          3.56132919E+05          1.24105334E+06          6.33143171E+05          5.81564889E+04          8.22853266E+05          4.23667806E+04
       1600.0000          1.00000000E+30          4.12114848E+05          1.52982838E+06          7.80977214E+05          6.97626723E+04          9.79253544E+05          5.07199121E+04
       1700.0000          1.00000000E+30          4.73078454E+05          1.86719970E+06          9.52019112E+05          8.23608117E+04          1.15296299E+06          5.98486952E+04
       1800.0000          1.00000000E+30          5.40213565E+05          2.25195069E+06          1.15034623E+06          9.65430771E+04          1.34579848E+06          7.00986670E+04
       1843.9990          1.00000000E+30          5.72806401E+05          2.44492146E+06          1.24558252E+06          1.03362121E+05          1.43746050E+06          7.50298194E+04
       1844.0010          3.27229890E+04          5.72808011E+05          2.44493104E+06          1.24558720E+06          1.03362461E+05          1.43746500E+06          2.27855072E+04
       1900.0000          3.40899398E+04          6.15213715E+05          2.69531374E+06          1.37874782E+06          1.12634667E+05          1.56303827E+06          2.40535124E+04
       2000.0000          3.84535949E+04          6.91914381E+05          3.20566564E+06          1.63583531E+06          1.29999280E+05          1.79317791E+06          2.73045653E+04
       2100.0000          4.35973106E+04          7.77875710E+05          3.76900176E+06          1.92606557E+06          1.49676721E+05          2.05154302E+06          3.10792911E+04
       2200.0000          4.90305910E+04          8.69430775E+05          4.41817573E+06          2.25117114E+06          1.70172652E+05          2.33182858E+06          3.50614024E+04
       2300.0000          5.49369823E+04          9.68043543E+05          5.13039727E+06          2.62380867E+06          1.93255169E+05          2.63934433E+06          3.94242240E+04
       2400.0000          6.11754217E+04          1.07360118E+06          5.91676932E+06          3.04009826E+06          2.18727866E+05          2.97104869E+06          4.40833543E+04
       2500.0000          6.79182489E+04          1.19055150E+06          6.81665921E+06          3.49094592E+06          2.46251650E+05          3.33341065E+06          4.91217896E+04
       2600.0000          7.52956101E+04          1.30965844E+06          7.80904482E+06          3.98283701E+06          2.75908133E+05          3.71218499E+06          5.45927324E+04
       2700.0000          8.27847279E+04          1.43414144E+06          8.87123295E+06          4.53430027E+06          3.07321565E+05          4.12117318E+06          6.02168802E+04
       2800.0000          9.06184794E+04          1.57195692E+06          1.00538281E+07          5.14769979E+06          3.41497595E+05          4.56047060E+06          6.61694843E+04
       2900.0000          9.95542080E+04          1.72080019E+06          1.13640635E+07          5.82698517E+06          3.78590688E+05          5.03724101E+06          7.28575565E+04
       3000.0000          1.08483943E+05          1.86782275E+06          1.27761600E+07          6.54996136E+06          4.17134972E+05          5.55087206E+06          7.96068210E+04
       3100.0000          1.18320083E+05          2.02896891E+06          1.43306899E+07          7.34682134E+06          4.58845283E+05          6.08222387E+06          8.70003792E+04
       3200.0000          1.28490148E+05          2.20594253E+06          1.60081394E+07          8.20138727E+06          5.04487957E+05          6.63747680E+06          9.47572234E+04
       3300.0000          1.39717574E+05          2.38084757E+06          1.78217586E+07          9.13944188E+06          5.54414223E+05          7.25985943E+06          1.03260017E+05
       3400.0000          1.51190075E+05          2.57312061E+06          1.97535132E+07          1.01461515E+07          6.03674023E+05          7.90236209E+06          1.11918479E+05
       3500.0000          1.63588153E+05          2.77919104E+06          2.19525587E+07          1.12376680E+07          6.57519374E+05          8.59474850E+06          1.21293188E+05
       3600.0000          1.76744163E+05          2.97485314E+06          2.42063688E+07          1.24400362E+07          7.16263487E+05          9.29503834E+06          1.31242860E+05
       3700.0000          1.90282237E+05          3.19992717E+06          2.66791428E+07          1.37520266E+07          7.75128840E+05          1.00593737E+07          1.41491241E+05
       3800.0000          2.03262622E+05          3.43883282E+06          2.94124560E+07          1.50739471E+07          8.41077210E+05          1.08793113E+07          1.51704830E+05
       3900.0000          2.18458806E+05          3.68141813E+06          3.21912791E+07          1.65241857E+07          9.04907575E+05          1.16910414E+07          1.63095980E+05
       4000.0000          2.34622649E+05          3.91730839E+06          3.51294931E+07          1.81626212E+07          9.76837886E+05          1.25926152E+07          1.75312875E+05
       4100.0000          2.51075869E+05          4.17936352E+06          3.84493227E+07          1.97677614E+07          1.05311730E+06          1.35185528E+07          1.87890083E+05
       4200.0000          2.67119511E+05          4.45026269E+06          4.18232668E+07          2.15235364E+07          1.13020879E+06          1.45007494E+07          2.00301508E+05
       4300.0000          2.84929164E+05          4.74137596E+06          4.56020256E+07          2.34446487E+07          1.21272182E+06          1.54992505E+07          2.13938218E+05
       4400.0000          3.03358973E+05          5.03143459E+06          4.94244705E+07          2.55188488E+07          1.30000263E+06          1.65590168E+07          2.28091055E+05
       4500.0000          3.23212057E+05          5.36538106E+06          5.36496424E+07          2.75991449E+07          1.39292734E+06          1.76841563E+07          2.43329320E+05
       4600.0000          3.44060381E+05          5.68555202E+06          5.79662047E+07          2.99330993E+07          1.48918914E+06          1.88554768E+07          2.59231787E+05
       4700.0000          3.64995675E+05          5.99628573E+06          6.26653665E+07          3.24620428E+07          1.58847138E+06          2.00806519E+07          2.75282903E+05
       4800.0000          3.85587846E+05          6.34035395E+06          6.76657943E+07          3.48757070E+07          1.69282866E+06          2.13688657E+07          2.91363516E+05
       4900.0000          4.10024004E+05          6.69517800E+06          7.29547283E+07          3.76541860E+07          1.80109507E+06          2.26675367E+07          3.09804588E+05
       5000.0000          4.33666268E+05          7.07094078E+06          7.85844472E+07          4.05821532E+07          1.91525370E+06          2.41206921E+07          3.28052422E+05
       5100.0000          4.57690369E+05          7.46123762E+06          8.42827538E+07          4.36441469E+07          2.02854577E+06          2.54749937E+07          3.46511778E+05
       5200.0000          4.83315577E+05          7.86691787E+06          9.06024392E+07          4.69121927E+07          2.16232852E+06          2.69838964E+07          3.66564437E+05
       5300.0000          5.09646347E+05          8.32340836E+06          9.71626682E+07          5.00407076E+07          2.28866207E+06          2.85397398E+07          3.86916175E+05
       5400.0000          5.37203768E+05          8.74091027E+06          1.04098204E+08          5.36468015E+07          2.41205457E+06          3.01278014E+07          4.07843881E+05
       5500.0000          5.65997534E+05          9.14743438E+06          1.11217031E+08          5.74895659E+07          2.56109385E+06          3.17898569E+07          4.30216136E+05
       5600.0000          5.94510799E+05          9.63487077E+06          1.18577164E+08          6.14175737E+07          2.70414165E+06          3.36416587E+07          4.52470595E+05
       5700.0000          6.24371561E+05          1.00994054E+07          1.26497311E+08          6.53249910E+07          2.84255821E+06          3.54107876E+07          4.75313341E+05
       5800.0000          6.55802148E+05          1.05719078E+07          1.34832388E+08          6.96326328E+07          3.00910747E+06          3.72277586E+07          4.99898951E+05
       5900.0000          6.87628061E+05          1.10772624E+07          1.43628063E+08          7.41301433E+07          3.16723234E+06          3.91448405E+07          5.24581628E+05
       6000.0000          7.23922496E+05          1.15985474E+07          1.52908263E+08          7.93114625E+07          3.33016713E+06          4.12543230E+07          5.52103516E+05
       6100.0000          7.56891189E+05          1.21384904E+07          1.62725666E+08          8.42898777E+07          3.50147810E+06          4.32828765E+07          5.77940116E+05
       6200.0000          7.92175062E+05          1.27408738E+07          1.72645308E+08          8.94418611E+07          3.68018450E+06          4.53906922E+07          6.05486710E+05
       6300.0000          8.28662760E+05          1.32838659E+07          1.83054527E+08          9.45390252E+07          3.86605106E+06          4.76689608E+07          6.33824742E+05
       6400.0000          8.69955478E+05          1.38532960E+07          1.94172643E+08          1.00287157E+08          4.07541065E+06          4.98902636E+07          6.65686528E+05
       6500.0000          9.08588204E+05          1.44543623E+07          2.05569022E+08          1.06802595E+08          4.26440184E+06          5.21692183E+07          6.95561517E+05
       6600.0000          9.46549331E+05          1.51281354E+07          2.17267181E+08          1.12894057E+08          4.46228357E+06          5.46072417E+07          7.25455365E+05
       6700.0000          9.90859541E+05          1.57410007E+07          2.30082325E+08          1.18820176E+08          4.67252646E+06          5.72642597E+07          7.59304113E+05
       6800.0000          1.03221646E+06          1.63645248E+07          2.42901977E+08          1.25490897E+08          4.88496780E+06          5.98188143E+07          7.91509184E+05
       6900.0000          1.07537166E+06          1.71020278E+07          2.56165818E+08          1.33061964E+08          5.13024342E+06          6.23482968E+07          8.25924698E+05
       7000.0000          1.12447474E+06          1.77801502E+07          2.70156720E+08          1.39821733E+08          5.34920276E+06          6.50354601E+07          8.63021200E+05
       7100.0000          1.16773453E+06          1.84760824E+07          2.84823964E+08          1.48005957E+08          5.58945436E+06          6.80697106E+07          8.97384418E+05
       7200.0000          1.22088984E+06          1.92018647E+07          3.00173790E+08          1.55787519E+08          5.83840572E+06          7.09009829E+07          9.37833629E+05
       7300.0000          1.26467277E+06          1.99530567E+07          3.15602645E+08          1.63840802E+08          6.08254881E+06          7.38527835E+07          9.72712255E+05
       7400.0000          1.32088336E+06          2.07926998E+07          3.33551799E+08          1.72339575E+08          6.37058998E+06          7.69165475E+07          1.01632638E+06
       7500.0000          1.36959833E+06          2.15377778E+07          3.48987218E+08          1.81234502E+08          6.62242218E+06          8.00737084E+07          1.05435749E+06
       7600.0000          1.42084208E+06          2.23206427E+07          3.67819389E+08          1.90514382E+08          6.89123219E+06          8.34498086E+07          1.09448417E+06
       7700.0000          1.47481013E+06          2.31455465E+07          3.85801492E+08          2.00946809E+08          7.17266543E+06          8.66420929E+07          1.13663926E+06
       7800.0000          1.53475826E+06          2.40527594E+07          4.04236410E+08          2.10473808E+08          7.48536509E+06          8.99049410E+07          1.18331216E+06
       7900.0000          1.59129582E+06          2.48880436E+07          4.24267223E+08          2.20490496E+08          7.78235528E+06          9.36562471E+07          1.22749977E+06
       8000.0000          1.64998122E+06          2.57435422E+07          4.46891634E+08          2.31148592E+08          8.07432140E+06          9.69990751E+07          1.27285589E+06
       8100.0000          1.71644075E+06          2.67133400E+07          4.67318826E+08          2.41969484E+08          8.41808392E+06          1.00973906E+08          1.32449723E+06
       8200.0000          1.77416153E+06          2.76217182E+07          4.88391053E+08          2.54421869E+08          8.72541804E+06          1.04646510E+08          1.36987874E+06
       8300.0000          1.83496322E+06          2.86674668E+07          5.10763300E+08          2.65687059E+08          9.05483653E+06          1.08947913E+08          1.41805474E+06
       8400.0000          1.89932031E+06          2.95984579E+07          5.34187229E+08          2.77579740E+08          9.42450762E+06          1.12658826E+08          1.46897464E+06
       8500.0000          1.97024416E+06          3.05827132E+07          5.58545259E+08          2.91506546E+08          9.75711376E+06          1.16522930E+08          1.52313258E+06
       8600.0000          2.03524953E+06          3.16848598E+07          5.85399188E+08          3.03977360E+08          1.01570073E+07          1.21047656E+08          1.57575997E+06
       8700.0000          2.11159399E+06          3.27113570E+07          6.10144224E+08          3.17274884E+08          1.04931167E+07          1.25127789E+08          1.63337439E+06
       8800.0000          2.17723584E+06          3.38979296E+07          6.39810493E+08          3.31220122E+08          1.08677698E+07          1.29761669E+08          1.68605053E+06
       8900.0000          2.25803379E+06          3.48859971E+07          6.65966984E+08          3.45721277E+08          1.12545081E+07          1.34234890E+08          1.74756447E+06
       9000.0000          2.32674446E+06          3.61335505E+07          6.94219953E+08          3.61659292E+08          1.16526129E+07          1.38635029E+08          1.80278761E+06
       9100.0000          2.41250865E+06          3.71680628E+07          7.22758175E+08          3.76333924E+08          1.20916935E+07          1.43459488E+08          1.86872604E+06
       9200.0000          2.48225637E+06          3.83025660E+07          7.56039702E+08          3.93811913E+08          1.24825462E+07          1.48401538E+08          1.92426299E+06
       9300.0000          2.55864421E+06          3.95909150E+07          7.85409160E+08          4.09337047E+08          1.29498838E+07          1.53071905E+08          1.98586008E+06
       9400.0000          2.64593494E+06          4.07206913E+07          8.17941873E+08          4.26070623E+08          1.33537761E+07          1.58536693E+08          2.05229972E+06
       9500.0000          2.72591162E+06          4.20780798E+07          8.54960306E+08          4.42995138E+08          1.38412038E+07          1.63328606E+08          2.11679287E+06
       9600.0000          2.80961627E+06          4.32204788E+07          8.87211046E+08          4.62346296E+08          1.42710284E+07          1.69107336E+08          2.18181921E+06
       9700.0000          2.90193419E+06          4.46252650E+07          9.20926024E+08          4.79831418E+08          1.47288021E+07          1.73880080E+08          2.25315663E+06
       9800.0000          3.00052496E+06          4.58689150E+07          9.60598940E+08          4.99041272E+08          1.52378034E+07          1.79880869E+08          2.32933747E+06
       9900.0000          3.08021817E+06          4.73457871E+07          9.96487142E+08          5.20364304E+08          1.57155120E+07          1.84877527E+08          2.39383823E+06
      10000.0000          3.18293406E+06          4.86254656E+07          1.03448964E+09          5.39508804E+08          1.62604475E+07          1.91073450E+08          2.47345001E+06
      11000.0000          4.21389942E+06          6.40500115E+07          1.48796142E+09          7.80250047E+08          2.19200965E+07          2.55391545E+08          3.28501965E+06
      12000.0000          5.45031806E+06          8.26130918E+07          2.07982301E+09          1.08876285E+09          2.87998914E+07          3.33852184E+08          4.26081061E+06
      13000.0000          6.92728094E+06          1.04136258E+08          2.83565112E+09          1.48975011E+09          3.72024743E+07          4.27456667E+08          5.42879781E+06
      14000.0000          8.66220963E+06          1.29862156E+08          3.78681437E+09          1.98264439E+09          4.69241077E+07          5.37246111E+08          6.79877777E+06
      15000.0000          1.06611857E+07          1.59297426E+08          4.94091978E+09          2.60670731E+09          5.86458058E+07          6.65015856E+08          8.38806395E+06
      16000.0000          1.29791097E+07          1.92496242E+08          6.35913002E+09          3.35249826E+09          7.20914190E+07          8.12243476E+08          1.02249732E+07
      17000.0000          1.56889785E+07          2.30634765E+08          8.05962197E+09          4.26172169E+09          8.75639508E+07          9.85915129E+08          1.23658146E+07
      18000.0000          1.85966369E+07          2.74158657E+08          1.01078544E+10          5.32978486E+09          1.04858953E+08          1.17433876E+09          1.46852781E+07
      19000.0000          2.19292871E+07          3.22290305E+08          1.24759499E+10          6.64139580E+09          1.24922407E+08          1.39290045E+09          1.73437882E+07
      20000.0000          2.57223746E+07          3.76007128E+08          1.52837966E+10          8.10952878E+09          1.47857211E+08          1.63798393E+09          2.03671328E+07
      21000.0000          2.99679586E+07          4.36455024E+08          1.85068190E+10          9.85050107E+09          1.72393920E+08          1.90703262E+09          2.37299972E+07
      22000.0000          3.44524977E+07          5.02571085E+08          2.21976756E+10          1.18378227E+10          2.00577067E+08          2.21593363E+09          2.73361048E+07
      23000.0000          3.95304415E+07          5.75467828E+08          2.64647478E+10          1.41072489E+10          2.31760601E+08          2.54902059E+09          3.13967276E+07
      24000.0000          4.51167558E+07          6.56140724E+08          3.13580116E+10          1.67234100E+10          2.65929600E+08          2.91547415E+09          3.58630471E+07
      25000.0000          5.13145268E+07          7.42510262E+08          3.67992729E+10          1.97261615E+10          3.05062041E+08          3.31112112E+09          4.08290843E+07
      26000.0000          5.78577179E+07          8.42033810E+08          4.29635742E+10          2.29888336E+10          3.46290267E+08          3.75701126E+09          4.60997867E+07
      27000.0000          6.52878603E+07          9.40865296E+08          5.00267862E+10          2.67355201E+10          3.90106299E+08          4.23842488E+09          5.19848657E+07
      28000.0000          7.30416134E+07          1.05838860E+09          5.78606522E+10          3.09649622E+10          4.39680737E+08          4.75674301E+09          5.82416569E+07
      29000.0000          8.15173514E+07          1.17251958E+09          6.63792175E+10          3.55825797E+10          4.92299653E+08          5.32078623E+09          6.50085792E+07
      30000.0000          9.05921212E+07          1.30574441E+09          7.58862882E+10          4.07641646E+10          5.51648955E+08          5.92506268E+09          7.23402405E+07
      31000.0000          1.00344321E+08          1.44399420E+09          8.64103916E+10          4.65196887E+10          6.12393183E+08          6.57679432E+09          8.01521855E+07
      32000.0000          1.10670826E+08          1.59641018E+09          9.80242242E+10          5.27594460E+10          6.78764604E+08          7.29567230E+09          8.84822770E+07
      33000.0000          1.21959330E+08          1.75177702E+09          1.10810028E+11          5.99739242E+10          7.50601576E+08          8.04411840E+09          9.75364146E+07
      34000.0000          1.34052172E+08          1.92804672E+09          1.24360915E+11          6.74167294E+10          8.27885840E+08          8.84763460E+09          1.07270395E+08
      35000.0000          1.47098713E+08          2.10869308E+09          1.39625266E+11          7.56115811E+10          9.10916545E+08          9.71942844E+09          1.17737744E+08
      36000.0000          1.61087752E+08          2.29563199E+09          1.56347193E+11          8.45868012E+10          1.00121736E+09          1.06760641E+10          1.28964426E+08
      37000.0000          1.75183478E+08          2.50650606E+09          1.74030528E+11          9.43745946E+10          1.09227751E+09          1.16167214E+10          1.40346822E+08
      38000.0000          1.90523922E+08          2.73181901E+09          1.94096404E+11          1.05011831E+11          1.19172516E+09          1.26624084E+10          1.52729826E+08
      39000.0000          2.07123452E+08          2.95268647E+09          2.14296003E+11          1.16541184E+11          1.29833738E+09          1.37444702E+10          1.66032076E+08
      40000.0000          2.24023520E+08          3.19478305E+09          2.37569888E+11          1.29012660E+11          1.41306991E+09          1.49276079E+10          1.79744363E+08
      41000.0000          2.42668557E+08          3.46313110E+09          2.61476729E+11          1.42485445E+11          1.52941284E+09          1.61649503E+10          1.94698224E+08
      42000.0000          2.61208358E+08          3.74082450E+09          2.87508351E+11          1.57030258E+11          1.65674420E+09          1.75041588E+10          2.09808493E+08
      43000.0000          2.81802692E+08          4.00794013E+09          3.15621512E+11          1.72377423E+11          1.79193801E+09          1.89140135E+10          2.26347670E+08
      44000.0000          3.03681455E+08          4.31323218E+09          3.47121886E+11          1.89234760E+11          1.93457669E+09          2.03055017E+10          2.43956537E+08
      45000.0000          3.25581310E+08          4.62502710E+09          3.77862893E+11          2.07440053E+11          2.08577717E+09          2.18477365E+10          2.61758151E+08
      46000.0000          3.48951713E+08          4.95710435E+09          4.12993497E+11          2.25907496E+11          2.23439161E+09          2.34588778E+10          2.80545710E+08
      47000.0000          3.75786934E+08          5.30848069E+09          4.49216092E+11          2.46687760E+11          2.40147119E+09          2.51079749E+10          3.01934243E+08
      48000.0000          4.02046508E+08          5.66927213E+09          4.90067039E+11          2.68047946E+11          2.57034843E+09          2.68853474E+10          3.23030551E+08
      49000.0000          4.26709798E+08          6.04417169E+09          5.30035978E+11          2.91032986E+11          2.75495917E+09          2.87355676E+10          3.43398774E+08
      50000.0000          4.55346927E+08          6.44770280E+09          5.74520658E+11          3.16344720E+11          2.95174033E+09          3.07651391E+10          3.66648091E+08
