#Energy      Ca-K-shell   Ca-L1-shell   Ca-L2-shell   Ca-L3-shell   Ca-M1-shell   Ca-M2-shell   Ca-M3-shell   F-K-shell   Valence  Total
          0.1000          1.00000000E+30          1.00000000E+30          1.00000000E+30          1.00000000E+30          1.00000000E+30          1.00000000E+30          1.00000000E+30          1.00000000E+30          2.50000000E+29          1.00000000E+30
          0.2000          1.00000000E+30          1.00000000E+30          1.00000000E+30          1.00000000E+30          1.00000000E+30          1.00000000E+30          1.00000000E+30          1.00000000E+30          2.50000000E+29          1.00000000E+30
          0.3000          1.00000000E+30          1.00000000E+30          1.00000000E+30          1.00000000E+30          1.00000000E+30          1.00000000E+30          1.00000000E+30          1.00000000E+30          2.50000000E+29          1.00000000E+30
          0.4000          1.00000000E+30          1.00000000E+30          1.00000000E+30          1.00000000E+30          1.00000000E+30          1.00000000E+30          1.00000000E+30          1.00000000E+30          2.50000000E+29          1.00000000E+30
          0.5000          1.00000000E+30          1.00000000E+30          1.00000000E+30          1.00000000E+30          1.00000000E+30          1.00000000E+30          1.00000000E+30          1.00000000E+30          2.50000000E+29          1.00000000E+30
          0.6000          1.00000000E+30          1.00000000E+30          1.00000000E+30          1.00000000E+30          1.00000000E+30          1.00000000E+30          1.00000000E+30          1.00000000E+30          2.50000000E+29          1.00000000E+30
          0.7000          1.00000000E+30          1.00000000E+30          1.00000000E+30          1.00000000E+30          1.00000000E+30          1.00000000E+30          1.00000000E+30          1.00000000E+30          2.50000000E+29          1.00000000E+30
          0.8000          1.00000000E+30          1.00000000E+30          1.00000000E+30          1.00000000E+30          1.00000000E+30          1.00000000E+30          1.00000000E+30          1.00000000E+30          2.50000000E+29          1.00000000E+30
          0.9000          1.00000000E+30          1.00000000E+30          1.00000000E+30          1.00000000E+30          1.00000000E+30          1.00000000E+30          1.00000000E+30          1.00000000E+30          2.50000000E+29          1.00000000E+30
          1.0000          1.00000000E+30          1.00000000E+30          1.00000000E+30          1.00000000E+30          1.00000000E+30          1.00000000E+30          1.00000000E+30          1.00000000E+30          2.50000000E+29          1.00000000E+30
          2.0000          1.00000000E+30          1.00000000E+30          1.00000000E+30          1.00000000E+30          1.00000000E+30          1.00000000E+30          1.00000000E+30          1.00000000E+30          2.50000000E+29          1.00000000E+30
          3.0000          1.00000000E+30          1.00000000E+30          1.00000000E+30          1.00000000E+30          1.00000000E+30          1.00000000E+30          1.00000000E+30          1.00000000E+30          2.50000000E+29          1.00000000E+30
          4.0000          1.00000000E+30          1.00000000E+30          1.00000000E+30          1.00000000E+30          1.00000000E+30          1.00000000E+30          1.00000000E+30          1.00000000E+30          2.50000000E+29          1.00000000E+30
          5.0000          1.00000000E+30          1.00000000E+30          1.00000000E+30          1.00000000E+30          1.00000000E+30          1.00000000E+30          1.00000000E+30          1.00000000E+30          2.50000000E+29          1.00000000E+30
          6.0000          1.00000000E+30          1.00000000E+30          1.00000000E+30          1.00000000E+30          1.00000000E+30          1.00000000E+30          1.00000000E+30          1.00000000E+30          2.50000000E+29          1.00000000E+30
          7.0000          1.00000000E+30          1.00000000E+30          1.00000000E+30          1.00000000E+30          1.00000000E+30          1.00000000E+30          1.00000000E+30          1.00000000E+30          2.58030070E+05          2.58030070E+05
          8.0000          1.00000000E+30          1.00000000E+30          1.00000000E+30          1.00000000E+30          1.00000000E+30          1.00000000E+30          1.00000000E+30          1.00000000E+30          6.07999792E+05          6.07999792E+05
          9.0000          1.00000000E+30          1.00000000E+30          1.00000000E+30          1.00000000E+30          1.00000000E+30          1.00000000E+30          1.00000000E+30          1.00000000E+30          9.76753641E+04          9.76753641E+04
         10.0000          1.00000000E+30          1.00000000E+30          1.00000000E+30          1.00000000E+30          1.00000000E+30          1.00000000E+30          1.00000000E+30          1.00000000E+30          5.03076468E+04          5.03076468E+04
         11.0000          1.00000000E+30          1.00000000E+30          1.00000000E+30          1.00000000E+30          1.00000000E+30          1.00000000E+30          1.00000000E+30          1.00000000E+30          3.57632276E+04          3.57632276E+04
         12.0000          1.00000000E+30          1.00000000E+30          1.00000000E+30          1.00000000E+30          1.00000000E+30          1.00000000E+30          1.00000000E+30          1.00000000E+30          2.92573314E+04          2.92573314E+04
         13.0000          1.00000000E+30          1.00000000E+30          1.00000000E+30          1.00000000E+30          1.00000000E+30          1.00000000E+30          1.00000000E+30          1.00000000E+30          2.59659601E+04          2.59659601E+04
         14.0000          1.00000000E+30          1.00000000E+30          1.00000000E+30          1.00000000E+30          1.00000000E+30          1.00000000E+30          1.00000000E+30          1.00000000E+30          2.40638834E+04          2.40638834E+04
         15.0000          1.00000000E+30          1.00000000E+30          1.00000000E+30          1.00000000E+30          1.00000000E+30          1.00000000E+30          1.00000000E+30          1.00000000E+30          2.30013114E+04          2.30013114E+04
         16.0000          1.00000000E+30          1.00000000E+30          1.00000000E+30          1.00000000E+30          1.00000000E+30          1.00000000E+30          1.00000000E+30          1.00000000E+30          2.23346680E+04          2.23346680E+04
         17.0000          1.00000000E+30          1.00000000E+30          1.00000000E+30          1.00000000E+30          1.00000000E+30          1.00000000E+30          1.00000000E+30          1.00000000E+30          2.19968649E+04          2.19968649E+04
         18.0000          1.00000000E+30          1.00000000E+30          1.00000000E+30          1.00000000E+30          1.00000000E+30          1.00000000E+30          1.00000000E+30          1.00000000E+30          2.62876534E+02          2.62876534E+02
         19.0000          1.00000000E+30          1.00000000E+30          1.00000000E+30          1.00000000E+30          1.00000000E+30          1.00000000E+30          1.00000000E+30          1.00000000E+30          2.45052614E+02          2.45052614E+02
         20.0000          1.00000000E+30          1.00000000E+30          1.00000000E+30          1.00000000E+30          1.00000000E+30          1.00000000E+30          1.00000000E+30          1.00000000E+30          2.32589226E+02          2.32589226E+02
         21.0000          1.00000000E+30          1.00000000E+30          1.00000000E+30          1.00000000E+30          1.00000000E+30          1.00000000E+30          1.00000000E+30          1.00000000E+30          2.24681689E+02          2.24681689E+02
         22.0000          1.00000000E+30          1.00000000E+30          1.00000000E+30          1.00000000E+30          1.00000000E+30          1.00000000E+30          1.00000000E+30          1.00000000E+30          2.18740092E+02          2.18740092E+02
         23.0000          1.00000000E+30          1.00000000E+30          1.00000000E+30          1.00000000E+30          1.00000000E+30          1.00000000E+30          1.00000000E+30          1.00000000E+30          2.14998545E+02          2.14998545E+02
         24.0000          1.00000000E+30          1.00000000E+30          1.00000000E+30          1.00000000E+30          1.00000000E+30          1.00000000E+30          1.00000000E+30          1.00000000E+30          2.12608901E+02          2.12608901E+02
         25.0000          1.00000000E+30          1.00000000E+30          1.00000000E+30          1.00000000E+30          1.00000000E+30          1.00000000E+30          1.00000000E+30          1.00000000E+30          2.10393564E+02          2.10393564E+02
         26.0000          1.00000000E+30          1.00000000E+30          1.00000000E+30          1.00000000E+30          1.00000000E+30          1.00000000E+30          1.00000000E+30          1.00000000E+30          2.09966309E+02          2.09966309E+02
         27.0000          1.00000000E+30          1.00000000E+30          1.00000000E+30          1.00000000E+30          1.00000000E+30          1.00000000E+30          1.00000000E+30          1.00000000E+30          2.10671365E+02          2.10671365E+02
         27.9990          1.00000000E+30          1.00000000E+30          1.00000000E+30          1.00000000E+30          1.00000000E+30          1.00000000E+30          1.00000000E+30          1.00000000E+30          2.10322982E+02          2.10322982E+02
         28.0000          1.00000000E+30          1.00000000E+30          1.00000000E+30          1.00000000E+30          1.00000000E+30          1.00000000E+30          1.00000000E+30          1.00000000E+30          2.10322634E+02          2.10322634E+02
         28.0010          1.00000000E+30          1.00000000E+30          1.00000000E+30          1.00000000E+30          1.00000000E+30          9.90556717E+02          5.18441710E+02          1.00000000E+30          2.10322286E+02          1.29988329E+02
         29.0000          1.00000000E+30          1.00000000E+30          1.00000000E+30          1.00000000E+30          1.00000000E+30          1.15999262E+03          6.08138449E+02          1.00000000E+30          2.12241090E+02          1.38541384E+02
         30.0000          1.00000000E+30          1.00000000E+30          1.00000000E+30          1.00000000E+30          1.00000000E+30          1.35786121E+03          7.11504910E+02          1.00000000E+30          2.13736991E+02          1.46615285E+02
         31.0000          1.00000000E+30          1.00000000E+30          1.00000000E+30          1.00000000E+30          1.00000000E+30          1.56636862E+03          8.22932001E+02          1.00000000E+30          2.15639157E+02          1.54060340E+02
         32.0000          1.00000000E+30          1.00000000E+30          1.00000000E+30          1.00000000E+30          1.00000000E+30          1.80697086E+03          9.54428248E+02          1.00000000E+30          2.17873043E+02          1.61525081E+02
         33.0000          1.00000000E+30          1.00000000E+30          1.00000000E+30          1.00000000E+30          1.00000000E+30          2.07718708E+03          1.10018721E+03          1.00000000E+30          2.20358877E+02          1.68679340E+02
         34.0000          1.00000000E+30          1.00000000E+30          1.00000000E+30          1.00000000E+30          1.00000000E+30          2.39298365E+03          1.25095381E+03          1.00000000E+30          2.22490590E+02          1.75074611E+02
         35.0000          1.00000000E+30          1.00000000E+30          1.00000000E+30          1.00000000E+30          1.00000000E+30          2.72963752E+03          1.44852336E+03          1.00000000E+30          2.26165405E+02          1.82540046E+02
         36.0000          1.00000000E+30          1.00000000E+30          1.00000000E+30          1.00000000E+30          1.00000000E+30          3.16164382E+03          1.68853548E+03          1.00000000E+30          2.28953525E+02          1.89529662E+02
         37.0000          1.00000000E+30          1.00000000E+30          1.00000000E+30          1.00000000E+30          1.00000000E+30          3.68812928E+03          1.97255824E+03          1.00000000E+30          2.32536375E+02          1.96908593E+02
         38.0000          1.00000000E+30          1.00000000E+30          1.00000000E+30          1.00000000E+30          1.00000000E+30          4.32002692E+03          2.30954986E+03          1.00000000E+30          2.25514758E+02          1.96125946E+02
         39.0000          1.00000000E+30          1.00000000E+30          1.00000000E+30          1.00000000E+30          1.00000000E+30          4.99732619E+03          2.67088365E+03          1.00000000E+30          2.27862627E+02          2.01485998E+02
         40.0000          1.00000000E+30          1.00000000E+30          1.00000000E+30          1.00000000E+30          1.00000000E+30          5.77903982E+03          3.09406672E+03          1.00000000E+30          2.31162943E+02          2.07374604E+02
         41.0000          1.00000000E+30          1.00000000E+30          1.00000000E+30          1.00000000E+30          1.00000000E+30          6.64138147E+03          3.53311586E+03          1.00000000E+30          2.34030829E+02          2.12469915E+02
         42.0000          1.00000000E+30          1.00000000E+30          1.00000000E+30          1.00000000E+30          1.00000000E+30          7.57207066E+03          4.00152980E+03          1.00000000E+30          2.37043681E+02          2.17362931E+02
         43.0000          1.00000000E+30          1.00000000E+30          1.00000000E+30          1.00000000E+30          1.00000000E+30          8.53140638E+03          4.45430220E+03          1.00000000E+30          2.40849156E+02          2.22534147E+02
         44.0000          1.00000000E+30          1.00000000E+30          1.00000000E+30          1.00000000E+30          1.00000000E+30          9.53079363E+03          4.92787442E+03          1.00000000E+30          2.44290235E+02          2.27203440E+02
         45.0000          1.00000000E+30          1.00000000E+30          1.00000000E+30          1.00000000E+30          1.00000000E+30          1.05013520E+04          5.34017983E+03          1.00000000E+30          2.47966366E+02          2.31734113E+02
         45.9990          1.00000000E+30          1.00000000E+30          1.00000000E+30          1.00000000E+30          1.00000000E+30          1.12715788E+04          5.74320320E+03          1.00000000E+30          2.52165918E+02          2.36491569E+02
         46.0000          1.00000000E+30          1.00000000E+30          1.00000000E+30          1.00000000E+30          1.00000000E+30          1.12724834E+04          5.74365326E+03          1.00000000E+30          2.52169882E+02          2.36496217E+02
         46.0010          1.00000000E+30          1.00000000E+30          1.00000000E+30          1.00000000E+30          1.02958220E+04          1.12733881E+04          5.74410339E+03          1.00000000E+30          2.52173846E+02          2.31190293E+02
         47.0000          1.00000000E+30          1.00000000E+30          1.00000000E+30          1.00000000E+30          1.02277347E+04          1.20624619E+04          6.01711977E+03          1.00000000E+30          2.56195323E+02          2.35286393E+02
         48.0000          1.00000000E+30          1.00000000E+30          1.00000000E+30          1.00000000E+30          1.01604753E+04          1.26121240E+04          6.27933102E+03          1.00000000E+30          2.60731570E+02          2.39674569E+02
         49.0000          1.00000000E+30          1.00000000E+30          1.00000000E+30          1.00000000E+30          1.00940947E+04          1.31137367E+04          6.41249277E+03          1.00000000E+30          2.65157297E+02          2.43746936E+02
         50.0000          1.00000000E+30          1.00000000E+30          1.00000000E+30          1.00000000E+30          1.00285758E+04          1.33794394E+04          6.52445475E+03          1.00000000E+30          2.69923842E+02          2.47986670E+02
         51.0000          1.00000000E+30          1.00000000E+30          1.00000000E+30          1.00000000E+30          9.96390196E+03          1.35803683E+04          6.58159032E+03          1.00000000E+30          2.74951222E+02          2.52337548E+02
         52.0000          1.00000000E+30          1.00000000E+30          1.00000000E+30          1.00000000E+30          9.90005696E+03          1.36748056E+04          6.58401931E+03          1.00000000E+30          2.79609549E+02          2.56250240E+02
         53.0000          1.00000000E+30          1.00000000E+30          1.00000000E+30          1.00000000E+30          9.83702493E+03          1.36585541E+04          6.54066478E+03          1.00000000E+30          2.84964535E+02          2.60622367E+02
         54.0000          1.00000000E+30          1.00000000E+30          1.00000000E+30          1.00000000E+30          9.77479045E+03          1.35483805E+04          6.46404055E+03          1.00000000E+30          2.90765723E+02          2.65251253E+02
         55.0000          1.00000000E+30          1.00000000E+30          1.00000000E+30          1.00000000E+30          9.71333849E+03          1.33878065E+04          6.36656777E+03          1.00000000E+30          2.95800661E+02          2.69152081E+02
         56.0000          1.00000000E+30          1.00000000E+30          1.00000000E+30          1.00000000E+30          9.65265436E+03          1.32527807E+04          6.28739796E+03          1.00000000E+30          3.01892965E+02          2.73932459E+02
         57.0000          1.00000000E+30          1.00000000E+30          1.00000000E+30          1.00000000E+30          9.60765725E+03          1.30082814E+04          6.16138755E+03          1.00000000E+30          3.08081706E+02          2.78617419E+02
         58.0000          1.00000000E+30          1.00000000E+30          1.00000000E+30          1.00000000E+30          9.55213093E+03          1.28264753E+04          6.06367817E+03          1.00000000E+30          3.13878321E+02          2.83004173E+02
         59.0000          1.00000000E+30          1.00000000E+30          1.00000000E+30          1.00000000E+30          9.49724274E+03          1.25392953E+04          5.96901943E+03          1.00000000E+30          3.20208025E+02          2.87724696E+02
         60.0000          1.00000000E+30          1.00000000E+30          1.00000000E+30          1.00000000E+30          9.44298174E+03          1.23278262E+04          5.87727065E+03          1.00000000E+30          3.27068180E+02          2.92857537E+02
         61.0000          1.00000000E+30          1.00000000E+30          1.00000000E+30          1.00000000E+30          9.50226939E+03          1.21233714E+04          5.78829969E+03          1.00000000E+30          3.33738537E+02          2.97898929E+02
         62.0000          1.00000000E+30          1.00000000E+30          1.00000000E+30          1.00000000E+30          9.47171838E+03          1.19255877E+04          5.70198227E+03          1.00000000E+30          3.40427617E+02          3.02820129E+02
         63.0000          1.00000000E+30          1.00000000E+30          1.00000000E+30          1.00000000E+30          9.44136320E+03          1.17341538E+04          5.61820142E+03          1.00000000E+30          3.47711966E+02          3.08159314E+02
         64.0000          1.00000000E+30          1.00000000E+30          1.00000000E+30          1.00000000E+30          9.41120195E+03          1.15487687E+04          5.53684695E+03          1.00000000E+30          3.55585976E+02          3.13901446E+02
         65.0000          1.00000000E+30          1.00000000E+30          1.00000000E+30          1.00000000E+30          9.38123280E+03          1.13691502E+04          5.45781496E+03          1.00000000E+30          3.62740783E+02          3.19023413E+02
         66.0000          1.00000000E+30          1.00000000E+30          1.00000000E+30          1.00000000E+30          9.44607275E+03          1.10529717E+04          5.25550214E+03          1.00000000E+30          3.70179199E+02          3.23833291E+02
         67.0000          1.00000000E+30          1.00000000E+30          1.00000000E+30          1.00000000E+30          9.43244354E+03          1.08692396E+04          5.17119292E+03          1.00000000E+30          3.78258999E+02          3.29479518E+02
         68.0000          1.00000000E+30          1.00000000E+30          1.00000000E+30          1.00000000E+30          9.41885361E+03          1.06915159E+04          5.08954599E+03          1.00000000E+30          3.87108893E+02          3.35634017E+02
         69.0000          1.00000000E+30          1.00000000E+30          1.00000000E+30          1.00000000E+30          9.40530277E+03          1.05766351E+04          5.04259772E+03          1.00000000E+30          3.94956007E+02          3.41167788E+02
         70.0000          1.00000000E+30          1.00000000E+30          1.00000000E+30          1.00000000E+30          9.45618683E+03          1.04233851E+04          4.97345561E+03          1.00000000E+30          4.03180733E+02          3.46856856E+02
         71.0000          1.00000000E+30          1.00000000E+30          1.00000000E+30          1.00000000E+30          9.45634234E+03          1.02745126E+04          4.90618396E+03          1.00000000E+30          4.12052888E+02          3.52886208E+02
         72.0000          1.00000000E+30          1.00000000E+30          1.00000000E+30          1.00000000E+30          9.45649785E+03          1.01298329E+04          4.87600208E+03          1.00000000E+30          4.21784197E+02          3.59656286E+02
         73.0000          1.00000000E+30          1.00000000E+30          1.00000000E+30          1.00000000E+30          9.45665337E+03          1.00749905E+04          4.82093458E+03          1.00000000E+30          4.30374666E+02          3.65498835E+02
         74.0000          1.00000000E+30          1.00000000E+30          1.00000000E+30          1.00000000E+30          9.45680889E+03          9.95692745E+03          4.76709701E+03          1.00000000E+30          4.39448138E+02          3.71536009E+02
         75.0000          1.00000000E+30          1.00000000E+30          1.00000000E+30          1.00000000E+30          9.52452849E+03          9.84159938E+03          4.75072714E+03          1.00000000E+30          4.49118991E+02          3.78261023E+02
         76.0000          1.00000000E+30          1.00000000E+30          1.00000000E+30          1.00000000E+30          9.53831553E+03          9.81065958E+03          4.70902294E+03          1.00000000E+30          4.59617240E+02          3.85378438E+02
         77.0000          1.00000000E+30          1.00000000E+30          1.00000000E+30          1.00000000E+30          9.55214254E+03          9.72138192E+03          4.66804456E+03          1.00000000E+30          4.69059406E+02          3.91588189E+02
         78.0000          1.00000000E+30          1.00000000E+30          1.00000000E+30          1.00000000E+30          9.56600971E+03          9.63371446E+03          4.62777323E+03          1.00000000E+30          4.78994355E+02          3.98068121E+02
         79.0000          1.00000000E+30          1.00000000E+30          1.00000000E+30          1.00000000E+30          9.64728843E+03          9.61546216E+03          4.63117976E+03          1.00000000E+30          4.89353597E+02          4.05335013E+02
         80.0000          1.00000000E+30          1.00000000E+30          1.00000000E+30          1.00000000E+30          9.67542870E+03          9.55109369E+03          4.60222713E+03          1.00000000E+30          5.00439819E+02          4.12612232E+02
         81.0000          1.00000000E+30          1.00000000E+30          1.00000000E+30          1.00000000E+30          9.70373361E+03          9.48758130E+03          4.57363425E+03          1.00000000E+30          5.12141758E+02          4.20224047E+02
         82.0000          1.00000000E+30          1.00000000E+30          1.00000000E+30          1.00000000E+30          9.73220462E+03          9.42490801E+03          4.54539447E+03          1.00000000E+30          5.22337717E+02          4.26743760E+02
         83.0000          1.00000000E+30          1.00000000E+30          1.00000000E+30          1.00000000E+30          9.76084319E+03          9.43928002E+03          4.56405914E+03          1.00000000E+30          5.34256787E+02          4.34923912E+02
         84.0000          1.00000000E+30          1.00000000E+30          1.00000000E+30          1.00000000E+30          9.86884236E+03          9.39623868E+03          4.54633966E+03          1.00000000E+30          5.45458122E+02          4.42275711E+02
         85.0000          1.00000000E+30          1.00000000E+30          1.00000000E+30          1.00000000E+30          9.91297822E+03          9.35358808E+03          4.52875724E+03          1.00000000E+30          5.56840261E+02          4.49549936E+02
         86.0000          1.00000000E+30          1.00000000E+30          1.00000000E+30          1.00000000E+30          9.95751062E+03          9.31132292E+03          4.51131028E+03          1.00000000E+30          5.70094658E+02          4.57962985E+02
         87.0000          1.00000000E+30          1.00000000E+30          1.00000000E+30          1.00000000E+30          1.00024449E+04          9.35907445E+03          4.54045981E+03          1.00000000E+30          5.82889625E+02          4.66710387E+02
         88.0000          1.00000000E+30          1.00000000E+30          1.00000000E+30          1.00000000E+30          1.01138662E+04          9.33557739E+03          4.53269750E+03          1.00000000E+30          5.93383748E+02          4.73516124E+02
         89.0000          1.00000000E+30          1.00000000E+30          1.00000000E+30          1.00000000E+30          1.01741611E+04          9.31219802E+03          4.52496168E+03          1.00000000E+30          6.06887899E+02          4.82062143E+02
         90.0000          1.00000000E+30          1.00000000E+30          1.00000000E+30          1.00000000E+30          1.02351792E+04          9.28893545E+03          4.51725223E+03          1.00000000E+30          6.19216021E+02          4.89793675E+02
         91.0000          1.00000000E+30          1.00000000E+30          1.00000000E+30          1.00000000E+30          1.02969336E+04          9.35540928E+03          4.55202558E+03          1.00000000E+30          6.31654112E+02          4.98297401E+02
         92.0000          1.00000000E+30          1.00000000E+30          1.00000000E+30          1.00000000E+30          1.03594377E+04          9.35033873E+03          4.55295558E+03          1.00000000E+30          6.45874439E+02          5.07252588E+02
         93.0000          1.00000000E+30          1.00000000E+30          1.00000000E+30          1.00000000E+30          1.04227053E+04          9.34527367E+03          4.55388596E+03          1.00000000E+30          6.60767995E+02          5.16546667E+02
         94.0000          1.00000000E+30          1.00000000E+30          1.00000000E+30          1.00000000E+30          1.05546363E+04          9.34021410E+03          4.55481673E+03          1.00000000E+30          6.71419816E+02          5.23358005E+02
         95.0000          1.00000000E+30          1.00000000E+30          1.00000000E+30          1.00000000E+30          1.06318604E+04          9.41355986E+03          4.59116061E+03          1.00000000E+30          6.86130463E+02          5.33178278E+02
         96.0000          1.00000000E+30          1.00000000E+30          1.00000000E+30          1.00000000E+30          1.07102229E+04          9.42476122E+03          4.59949072E+03          1.00000000E+30          6.99326786E+02          5.41467107E+02
         97.0000          1.00000000E+30          1.00000000E+30          1.00000000E+30          1.00000000E+30          1.07897490E+04          9.43598927E+03          4.60785112E+03          1.00000000E+30          7.14758844E+02          5.51039490E+02
         98.0000          1.00000000E+30          1.00000000E+30          1.00000000E+30          1.00000000E+30          1.08704651E+04          9.44724410E+03          4.61624196E+03          1.00000000E+30          7.30296970E+02          5.60608584E+02
         99.0000          1.00000000E+30          1.00000000E+30          1.00000000E+30          1.00000000E+30          1.09918560E+04          9.52103078E+03          4.65245382E+03          1.00000000E+30          7.43659827E+02          5.69590170E+02
        100.0000          1.00000000E+30          1.00000000E+30          1.00000000E+30          1.00000000E+30          1.10827259E+04          9.54623826E+03          4.66712421E+03          1.00000000E+30          7.60040321E+02          5.79720835E+02
        110.0000          1.00000000E+30          1.00000000E+30          1.00000000E+30          1.00000000E+30          1.21003874E+04          9.93488425E+03          4.87998250E+03          1.00000000E+30          9.19531810E+02          6.77632507E+02
        120.0000          1.00000000E+30          1.00000000E+30          1.00000000E+30          1.00000000E+30          1.32048914E+04          1.05543405E+04          5.20141958E+03          1.00000000E+30          1.10394261E+03          7.88285038E+02
        130.0000          1.00000000E+30          1.00000000E+30          1.00000000E+30          1.00000000E+30          1.43674627E+04          1.12592919E+04          5.56428393E+03          1.00000000E+30          1.30910804E+03          9.07429671E+02
        140.0000          1.00000000E+30          1.00000000E+30          1.00000000E+30          1.00000000E+30          1.56738678E+04          1.20960419E+04          5.98979486E+03          1.00000000E+30          1.54250792E+03          1.03980623E+03
        150.0000          1.00000000E+30          1.00000000E+30          1.00000000E+30          1.00000000E+30          1.69700655E+04          1.30319816E+04          6.46696961E+03          1.00000000E+30          1.79326125E+03          1.17933324E+03
        160.0000          1.00000000E+30          1.00000000E+30          1.00000000E+30          1.00000000E+30          1.83840974E+04          1.41180641E+04          7.01514032E+03          1.00000000E+30          2.07449397E+03          1.33365311E+03
        170.0000          1.00000000E+30          1.00000000E+30          1.00000000E+30          1.00000000E+30          1.98571607E+04          1.52450088E+04          7.58937306E+03          1.00000000E+30          2.37668409E+03          1.49594813E+03
        180.0000          1.00000000E+30          1.00000000E+30          1.00000000E+30          1.00000000E+30          2.15193757E+04          1.64556389E+04          8.19823306E+03          1.00000000E+30          2.70927855E+03          1.67135022E+03
        190.0000          1.00000000E+30          1.00000000E+30          1.00000000E+30          1.00000000E+30          2.32241365E+04          1.77375671E+04          8.85678861E+03          1.00000000E+30          3.06435703E+03          1.85640126E+03
        200.0000          1.00000000E+30          1.00000000E+30          1.00000000E+30          1.00000000E+30          2.48563082E+04          1.91788722E+04          9.59669875E+03          1.00000000E+30          3.45429211E+03          2.05731956E+03
        210.0000          1.00000000E+30          1.00000000E+30          1.00000000E+30          1.00000000E+30          2.66482522E+04          2.06436885E+04          1.03381669E+04          1.00000000E+30          3.86664761E+03          2.26594088E+03
        220.0000          1.00000000E+30          1.00000000E+30          1.00000000E+30          1.00000000E+30          2.84541399E+04          2.23092603E+04          1.11022462E+04          1.00000000E+30          4.31288916E+03          2.48815821E+03
        230.0000          1.00000000E+30          1.00000000E+30          1.00000000E+30          1.00000000E+30          3.04815268E+04          2.39492132E+04          1.19700480E+04          1.00000000E+30          4.79801230E+03          2.72833969E+03
        240.0000          1.00000000E+30          1.00000000E+30          1.00000000E+30          1.00000000E+30          3.23167178E+04          2.56266603E+04          1.28551917E+04          1.00000000E+30          5.30876028E+03          2.97510070E+03
        250.0000          1.00000000E+30          1.00000000E+30          1.00000000E+30          1.00000000E+30          3.44348994E+04          2.75729124E+04          1.38604591E+04          1.00000000E+30          5.85944637E+03          3.24548820E+03
        260.0000          1.00000000E+30          1.00000000E+30          1.00000000E+30          1.00000000E+30          3.66362994E+04          2.95737057E+04          1.48807442E+04          1.00000000E+30          6.44731948E+03          3.52841576E+03
        270.0000          1.00000000E+30          1.00000000E+30          1.00000000E+30          1.00000000E+30          3.88642687E+04          3.15536441E+04          1.58693888E+04          1.00000000E+30          7.04829717E+03          3.81220651E+03
        280.0000          1.00000000E+30          1.00000000E+30          1.00000000E+30          1.00000000E+30          4.11047745E+04          3.37210843E+04          1.69754412E+04          1.00000000E+30          7.70411784E+03          4.12044122E+03
        290.0000          1.00000000E+30          1.00000000E+30          1.00000000E+30          1.00000000E+30          4.35149531E+04          3.59468154E+04          1.81034782E+04          1.00000000E+30          8.37877430E+03          4.43681933E+03
        300.0000          1.00000000E+30          1.00000000E+30          1.00000000E+30          1.00000000E+30          4.59470916E+04          3.83901538E+04          1.93716572E+04          1.00000000E+30          9.10632228E+03          4.77901512E+03
        310.0000          1.00000000E+30          1.00000000E+30          1.00000000E+30          1.00000000E+30          4.83537287E+04          4.08824250E+04          2.06318093E+04          1.00000000E+30          9.87256402E+03          5.13081071E+03
        320.0000          1.00000000E+30          1.00000000E+30          1.00000000E+30          1.00000000E+30          5.07645015E+04          4.34254875E+04          2.18576229E+04          1.00000000E+30          1.06809185E+04          5.49141908E+03
        330.0000          1.00000000E+30          1.00000000E+30          1.00000000E+30          1.00000000E+30          5.34065131E+04          4.62454531E+04          2.33610808E+04          1.00000000E+30          1.15063426E+04          5.88017785E+03
        340.0000          1.00000000E+30          1.00000000E+30          1.00000000E+30          1.00000000E+30          5.61128848E+04          4.90471623E+04          2.47835783E+04          1.00000000E+30          1.23773731E+04          6.27542944E+03
        348.9990          1.00000000E+30          1.00000000E+30          1.00000000E+30          1.00000000E+30          5.85169971E+04          5.15749648E+04          2.60477021E+04          1.00000000E+30          1.32322598E+04          6.64706722E+03
        349.0010          1.00000000E+30          1.00000000E+30          1.00000000E+30          4.13934910E+03          5.85175832E+04          5.15755937E+04          2.60480328E+04          1.00000000E+30          1.32324634E+04          2.55086354E+03
        350.0000          1.00000000E+30          1.00000000E+30          1.00000000E+30          3.90371110E+03          5.88118276E+04          5.18916609E+04          2.62142786E+04          1.00000000E+30          1.33009091E+04          2.46444557E+03
        352.9990          1.00000000E+30          1.00000000E+30          1.00000000E+30          3.29100011E+03          5.97131977E+04          5.28642018E+04          2.66298119E+04          1.00000000E+30          1.36069303E+04          2.21943082E+03
        353.0010          1.00000000E+30          1.00000000E+30          8.43591002E+03          3.29064032E+03          5.97138080E+04          5.28648626E+04          2.66301388E+04          1.00000000E+30          1.36071391E+04          1.75704294E+03
        360.0000          1.00000000E+30          1.00000000E+30          5.59894746E+03          2.51580866E+03          6.15429406E+04          5.50170144E+04          2.77271519E+04          1.00000000E+30          1.42704491E+04          1.39536741E+03
        370.0000          1.00000000E+30          1.00000000E+30          5.04223904E+03          2.51702221E+03          6.46347743E+04          5.82454941E+04          2.93340894E+04          1.00000000E+30          1.52885035E+04          1.37408244E+03
        380.0000          1.00000000E+30          1.00000000E+30          5.25668856E+03          2.67506842E+03          6.75645078E+04          6.14977395E+04          3.11586884E+04          1.00000000E+30          1.63435161E+04          1.45264889E+03
        390.0000          1.00000000E+30          1.00000000E+30          5.53242164E+03          2.81972419E+03          7.05401547E+04          6.48137882E+04          3.28402098E+04          1.00000000E+30          1.74318139E+04          1.53181751E+03
        400.0000          1.00000000E+30          1.00000000E+30          5.84169392E+03          2.96655025E+03          7.36381269E+04          6.84145321E+04          3.45722432E+04          1.00000000E+30          1.85545225E+04          1.61474727E+03
        410.0000          1.00000000E+30          1.00000000E+30          6.15528236E+03          3.09536530E+03          7.67245991E+04          7.21472575E+04          3.64244167E+04          1.00000000E+30          1.97096103E+04          1.69316274E+03
        420.0000          1.00000000E+30          1.00000000E+30          6.47615252E+03          3.26939821E+03          8.02385332E+04          7.59186901E+04          3.85244079E+04          1.00000000E+30          2.09331519E+04          1.78685382E+03
        430.0000          1.00000000E+30          1.00000000E+30          6.83754429E+03          3.44695788E+03          8.33290908E+04          8.02103143E+04          4.04412558E+04          1.00000000E+30          2.21914697E+04          1.88458911E+03
        440.0000          1.00000000E+30          1.00000000E+30          7.20034005E+03          3.62742776E+03          8.66453881E+04          8.40986025E+04          4.25601455E+04          1.00000000E+30          2.35010361E+04          1.98397211E+03
        440.9990          1.00000000E+30          1.00000000E+30          7.24078414E+03          3.64701882E+03          8.70126673E+04          8.45555824E+04          4.27952949E+04          1.00000000E+30          2.36432162E+04          1.99487417E+03
        441.0010          1.00000000E+30          1.67333271E+04          7.24086557E+03          3.64705826E+03          8.70134057E+04          8.45565023E+04          4.27957682E+04          1.00000000E+30          2.36435025E+04          1.78240343E+03
        450.0000          1.00000000E+30          1.70903401E+04          7.55841084E+03          3.80852481E+03          9.04678451E+04          8.84221296E+04          4.47142449E+04          1.00000000E+30          2.48535310E+04          1.85753663E+03
        460.0000          1.00000000E+30          1.75053693E+04          7.90578750E+03          3.99301982E+03          9.35679389E+04          9.28251559E+04          4.68707676E+04          1.00000000E+30          2.63565623E+04          1.94254419E+03
        470.0000          1.00000000E+30          1.78994332E+04          8.27071517E+03          4.18066135E+03          9.73645886E+04          9.72360423E+04          4.94023784E+04          1.00000000E+30          2.77597139E+04          2.02924912E+03
        480.0000          1.00000000E+30          1.83256161E+04          8.68671083E+03          4.38713108E+03          1.00883488E+05          1.01725692E+05          5.15862500E+04          1.00000000E+30          2.92472005E+04          2.12338890E+03
        490.0000          1.00000000E+30          1.89213605E+04          9.11488003E+03          4.59917762E+03          1.04446448E+05          1.06923006E+05          5.40276807E+04          1.00000000E+30          3.08346330E+04          2.22292310E+03
        500.0000          1.00000000E+30          1.94773685E+04          9.54121879E+03          4.83430431E+03          1.08475732E+05          1.11906500E+05          5.65495852E+04          1.00000000E+30          3.24013238E+04          2.32717111E+03
        510.0000          1.00000000E+30          1.99429551E+04          9.96794108E+03          5.05181621E+03          1.12421420E+05          1.16997125E+05          5.93963857E+04          1.00000000E+30          3.40653718E+04          2.42690798E+03
        520.0000          1.00000000E+30          2.05129148E+04          1.04024839E+04          5.27169688E+03          1.16170699E+05          1.22084200E+05          6.19234992E+04          1.00000000E+30          3.58941278E+04          2.52920816E+03
        530.0000          1.00000000E+30          2.09676761E+04          1.08834308E+04          5.51916514E+03          1.20551228E+05          1.28110278E+05          6.50490142E+04          1.00000000E+30          3.75388529E+04          2.63939178E+03
        540.0000          1.00000000E+30          2.15395689E+04          1.14133760E+04          5.79640095E+03          1.24404301E+05          1.33232018E+05          6.75659826E+04          1.00000000E+30          3.94804550E+04          2.76062454E+03
        550.0000          1.00000000E+30          2.20713093E+04          1.19032685E+04          6.04103423E+03          1.28496489E+05          1.38948416E+05          7.04480135E+04          1.00000000E+30          4.12463685E+04          2.87132352E+03
        560.0000          1.00000000E+30          2.26756987E+04          1.23996571E+04          6.28939021E+03          1.33046708E+05          1.44831139E+05          7.34386943E+04          1.00000000E+30          4.31458087E+04          2.98542963E+03
        570.0000          1.00000000E+30          2.31912057E+04          1.29483006E+04          6.56993811E+03          1.37074539E+05          1.51517729E+05          7.65549777E+04          1.00000000E+30          4.52365012E+04          3.10923830E+03
        580.0000          1.00000000E+30          2.38079244E+04          1.35595210E+04          6.88313984E+03          1.41881392E+05          1.57404456E+05          7.99869778E+04          1.00000000E+30          4.72367464E+04          3.24562077E+03
        590.0000          1.00000000E+30          2.43014214E+04          1.40994284E+04          7.15961899E+03          1.45857918E+05          1.63427664E+05          8.31650366E+04          1.00000000E+30          4.95180566E+04          3.36767470E+03
        600.0000          1.00000000E+30          2.49237318E+04          1.47640577E+04          7.50053563E+03          1.50417007E+05          1.70537529E+05          8.63814666E+04          1.00000000E+30          5.15521338E+04          3.51290527E+03
        610.0000          1.00000000E+30          2.54176766E+04          1.53047723E+04          7.77753157E+03          1.55465527E+05          1.77124715E+05          8.99230788E+04          1.00000000E+30          5.36684401E+04          3.63518890E+03
        620.0000          1.00000000E+30          2.60326577E+04          1.59433366E+04          8.10030306E+03          1.59772837E+05          1.83982515E+05          9.38394988E+04          1.00000000E+30          5.60203301E+04          3.77659294E+03
        630.0000          1.00000000E+30          2.66781357E+04          1.65987001E+04          8.46918038E+03          1.65035457E+05          1.91143041E+05          9.73264024E+04          1.00000000E+30          5.84130390E+04          3.92942906E+03
        640.0000          1.00000000E+30          2.73250905E+04          1.73294327E+04          8.80251099E+03          1.69458972E+05          1.98922981E+05          1.00961614E+05          1.00000000E+30          6.08969969E+04          4.07897260E+03
        650.0000          1.00000000E+30          2.80261440E+04          1.79895899E+04          9.15644172E+03          1.74230910E+05          2.06168047E+05          1.05174579E+05          1.00000000E+30          6.32970664E+04          4.23051488E+03
        660.0000          1.00000000E+30          2.86061320E+04          1.87850350E+04          9.51148849E+03          1.79588134E+05          2.14622231E+05          1.08761345E+05          1.00000000E+30          6.60470301E+04          4.38807744E+03
        670.0000          1.00000000E+30          2.93093627E+04          1.94476887E+04          9.87409804E+03          1.84269439E+05          2.21913400E+05          1.13233943E+05          1.00000000E+30          6.84715322E+04          4.54168005E+03
        680.0000          1.00000000E+30          3.00480401E+04          2.01726530E+04          1.02824274E+04          1.89852466E+05          2.29775704E+05          1.16844237E+05          1.00000000E+30          7.12891016E+04          4.71008235E+03
        690.0000          1.00000000E+30          3.05730310E+04          2.10174099E+04          1.06688589E+04          1.94498425E+05          2.38812745E+05          1.21130192E+05          1.00000000E+30          7.37600510E+04          4.87422620E+03
        693.9990          1.00000000E+30          3.08612145E+04          2.13753692E+04          1.08433706E+04          1.96742808E+05          2.42628811E+05          1.22973850E+05          1.00000000E+30          7.49600914E+04          4.94841921E+03
        694.0010          1.00000000E+30          3.08613600E+04          2.13755513E+04          1.08434593E+04          1.96743944E+05          2.42630750E+05          1.22974786E+05          5.69970777E+03          7.49607013E+04          2.64879057E+03
        700.0000          1.00000000E+30          3.13040096E+04          2.17710283E+04          1.11162285E+04          1.99763390E+05          2.46905665E+05          1.25848252E+05          5.65807345E+03          7.67367888E+04          2.66945533E+03
        710.0000          1.00000000E+30          3.20707988E+04          2.25763351E+04          1.15142782E+04          2.05499503E+05          2.55518826E+05          1.30061567E+05          5.68869011E+03          7.95387659E+04          2.72366598E+03
        720.0000          1.00000000E+30          3.25678056E+04          2.34775611E+04          1.19952319E+04          2.11574775E+05          2.65100675E+05          1.35104358E+05          5.77999609E+03          8.26822257E+04          2.79586716E+03
        730.0000          1.00000000E+30          3.33082233E+04          2.42850418E+04          1.23867482E+04          2.16395314E+05          2.73717561E+05          1.39469559E+05          5.88346536E+03          8.54967300E+04          2.86499726E+03
        740.0000          1.00000000E+30          3.40830906E+04          2.52547700E+04          1.28974702E+04          2.22610658E+05          2.83972154E+05          1.44155023E+05          5.97991656E+03          8.85170535E+04          2.94164890E+03
        750.0000          1.00000000E+30          3.47549673E+04          2.60652289E+04          1.32876413E+04          2.27639819E+05          2.92602970E+05          1.48853588E+05          6.15393301E+03          9.18149086E+04          3.02742465E+03
        760.0000          1.00000000E+30          3.55563344E+04          2.70882833E+04          1.38172730E+04          2.33188269E+05          3.02445813E+05          1.54164034E+05          6.31104789E+03          9.49276972E+04          3.12030127E+03
        770.0000          1.00000000E+30          3.63955289E+04          2.80051029E+04          1.42767695E+04          2.39351834E+05          3.13434971E+05          1.58932882E+05          6.51574919E+03          9.84462657E+04          3.22040422E+03
        780.0000          1.00000000E+30          3.69717091E+04          2.89411579E+04          1.47561192E+04          2.44802338E+05          3.22852618E+05          1.64194135E+05          6.71309504E+03          1.01543246E+05          3.31727389E+03
        790.0000          1.00000000E+30          3.77882609E+04          3.00353212E+04          1.52650693E+04          2.51123528E+05          3.34450969E+05          1.69886367E+05          6.95660566E+03          1.05172431E+05          3.43192989E+03
        800.0000          1.00000000E+30          3.86416958E+04          3.09602934E+04          1.58266286E+04          2.57779819E+05          3.44223782E+05          1.75987446E+05          7.18872609E+03          1.08647449E+05          3.54433662E+03
        810.0000          1.00000000E+30          3.94077797E+04          3.21075509E+04          1.63381756E+04          2.63032486E+05          3.54824136E+05          1.81026730E+05          7.43957084E+03          1.12255281E+05          3.66037377E+03
        820.0000          1.00000000E+30          4.02976418E+04          3.30541927E+04          1.69397027E+04          2.69728464E+05          3.66872113E+05          1.86434431E+05          7.66489270E+03          1.16101085E+05          3.77391591E+03
        830.0000          1.00000000E+30          4.10344259E+04          3.42307399E+04          1.74551912E+04          2.75803373E+05          3.77400889E+05          1.92663865E+05          7.92863768E+03          1.19718542E+05          3.89382786E+03
        840.0000          1.00000000E+30          4.19299363E+04          3.53324110E+04          1.80304648E+04          2.82012470E+05          3.90128660E+05          1.98398006E+05          8.21118014E+03          1.23740542E+05          4.02204412E+03
        850.0000          1.00000000E+30          4.28654049E+04          3.64734218E+04          1.86718900E+04          2.88891002E+05          4.00657787E+05          2.05012528E+05          8.43101584E+03          1.27390162E+05          4.13912028E+03
        860.0000          1.00000000E+30          4.35451402E+04          3.77356199E+04          1.92241989E+04          2.96113470E+05          4.12749535E+05          2.10690761E+05          8.72171507E+03          1.31382738E+05          4.26809693E+03
        870.0000          1.00000000E+30          4.44765772E+04          3.90883087E+04          1.98960176E+04          3.01825235E+05          4.26140884E+05          2.17652246E+05          8.90878454E+03          1.35530964E+05          4.38193652E+03
        880.0000          1.00000000E+30          4.54487323E+04          4.01734609E+04          2.04802032E+04          3.09127446E+05          4.37672052E+05          2.23324080E+05          9.18815234E+03          1.39939105E+05          4.51056309E+03
        890.0000          1.00000000E+30          4.60934475E+04          4.13520015E+04          2.11758343E+04          3.15196643E+05          4.51597029E+05          2.29889252E+05          9.41809612E+03          1.43863641E+05          4.63031923E+03
        900.0000          1.00000000E+30          4.70418665E+04          4.27228726E+04          2.18036210E+04          3.22507099E+05          4.63761079E+05          2.37169063E+05          9.70627287E+03          1.48494432E+05          4.76730599E+03
        910.0000          1.00000000E+30          4.78958976E+04          4.39802500E+04          2.25400308E+04          3.30164715E+05          4.78085722E+05          2.43419610E+05          9.92402683E+03          1.52546087E+05          4.88923086E+03
        920.0000          1.00000000E+30          4.88725762E+04          4.54315363E+04          2.31609538E+04          3.38194820E+05          4.91087945E+05          2.50962601E+05          1.01763046E+04          1.56915397E+05          5.01839699E+03
        930.0000          1.00000000E+30          4.98899163E+04          4.66782068E+04          2.39332329E+04          3.43406841E+05          5.06137005E+05          2.57591090E+05          1.04590421E+04          1.61766620E+05          5.15961331E+03
        940.0000          1.00000000E+30          5.06338155E+04          4.82008967E+04          2.45579611E+04          3.51332802E+05          5.18986293E+05          2.65324449E+05          1.07579398E+04          1.66692163E+05          5.29908196E+03
        950.0000          1.00000000E+30          5.16392008E+04          4.94573253E+04          2.52853257E+04          3.59633275E+05          5.34659220E+05          2.72404662E+05          1.09997630E+04          1.71011463E+05          5.42847507E+03
        960.0000          1.00000000E+30          5.26853208E+04          5.09055922E+04          2.60858871E+04          3.64711761E+05          5.47613042E+05          2.80502684E+05          1.13068587E+04          1.76171713E+05          5.58001675E+03
        970.0000          1.00000000E+30          5.34200503E+04          5.24888639E+04          2.68334337E+04          3.72722178E+05          5.63651661E+05          2.87512451E+05          1.15516700E+04          1.80729092E+05          5.71186723E+03
        980.0000          1.00000000E+30          5.44336880E+04          5.39754024E+04          2.76855598E+04          3.79773516E+05          5.78651559E+05          2.95919565E+05          1.18615496E+04          1.85869065E+05          5.86700913E+03
        990.0000          1.00000000E+30          5.54865370E+04          5.56578721E+04          2.84072882E+04          3.87917981E+05          5.95740863E+05          3.03044702E+05          1.21640423E+04          1.90756278E+05          6.01686060E+03
       1000.0000          1.00000000E+30          5.64360597E+04          5.70964810E+04          2.92951753E+04          3.95199344E+05          6.09680125E+05          3.11623420E+05          1.24973635E+04          1.96198232E+05          6.17810106E+03
       1100.0000          1.00000000E+30          6.70791509E+04          7.47298565E+04          3.82633073E+04          4.78042318E+05          7.85328501E+05          4.02904085E+05          1.59081170E+04          2.52625148E+05          7.86840158E+03
       1200.0000          1.00000000E+30          7.89180033E+04          9.57090962E+04          4.92243475E+04          5.67789951E+05          9.94988330E+05          5.08876022E+05          1.98175572E+04          3.19550233E+05          9.82743722E+03
       1300.0000          1.00000000E+30          9.18205874E+04          1.21080497E+05          6.22343445E+04          6.67395032E+05          1.23627885E+06          6.32197152E+05          2.43864599E+04          3.95820376E+05          1.21006985E+04
       1400.0000          1.00000000E+30          1.06096998E+05          1.49607759E+05          7.70681651E+04          7.75869761E+05          1.51311418E+06          7.77670699E+05          2.97143484E+04          4.82304520E+05          1.46955481E+04
       1500.0000          1.00000000E+30          1.21196401E+05          1.84309323E+05          9.45556532E+04          8.93770949E+05          1.84167002E+06          9.45370349E+05          3.56436998E+04          5.82523127E+05          1.76229280E+04
       1600.0000          1.00000000E+30          1.38517924E+05          2.22652843E+05          1.14503379E+05          1.01999957E+06          2.20776262E+06          1.13883481E+06          4.23781308E+04          6.94271622E+05          2.09236488E+04
       1700.0000          1.00000000E+30          1.56103142E+05          2.67098505E+05          1.37903568E+05          1.16159744E+06          2.63094854E+06          1.35266591E+06          4.98930784E+04          8.18569642E+05          2.46025696E+04
       1800.0000          1.00000000E+30          1.75356097E+05          3.17821759E+05          1.63547619E+05          1.30793052E+06          3.10375160E+06          1.59819304E+06          5.83644432E+04          9.57422752E+05          2.86909628E+04
       1900.0000          1.00000000E+30          1.96380605E+05          3.75208249E+05          1.93467507E+05          1.46974123E+06          3.64277193E+06          1.87255080E+06          6.76581619E+04          1.11410051E+06          3.32304600E+04
       2000.0000          1.00000000E+30          2.18888569E+05          4.39152213E+05          2.26544132E+05          1.64072348E+06          4.23327188E+06          2.17859270E+06          7.79010804E+04          1.28103293E+06          3.81942727E+04
       2100.0000          1.00000000E+30          2.43015826E+05          5.09966458E+05          2.64172948E+05          1.82391073E+06          4.89505290E+06          2.52699113E+06          8.93838220E+04          1.47063095E+06          4.37115560E+04
       2200.0000          1.00000000E+30          2.68230067E+05          5.89966161E+05          3.05859821E+05          2.01906302E+06          5.62089895E+06          2.90303277E+06          1.01525284E+05          1.66868638E+06          4.96048528E+04
       2300.0000          1.00000000E+30          2.96115030E+05          6.78677784E+05          3.50758197E+05          2.23516847E+06          6.42735094E+06          3.32859743E+06          1.15018160E+05          1.88728111E+06          5.60882894E+04
       2400.0000          1.00000000E+30          3.23899258E+05          7.73951234E+05          4.01411289E+05          2.45238854E+06          7.34417743E+06          3.78529971E+06          1.29795764E+05          2.12736398E+06          6.30785640E+04
       2500.0000          1.00000000E+30          3.53736457E+05          8.82001540E+05          4.56529330E+05          2.67779644E+06          8.29487628E+06          4.29203678E+06          1.45665783E+05          2.38603713E+06          7.06099473E+04
       2600.0000          1.00000000E+30          3.85491495E+05          1.00223583E+06          5.18048096E+05          2.93917894E+06          9.40414515E+06          4.84903103E+06          1.62761933E+05          2.66277080E+06          7.87744699E+04
       2700.0000          1.00000000E+30          4.19685984E+05          1.12626465E+06          5.85405241E+05          3.18821293E+06          1.05313254E+07          5.45502721E+06          1.80855146E+05          2.95609805E+06          8.74252653E+04
       2800.0000          1.00000000E+30          4.55132421E+05          1.26448873E+06          6.57764189E+05          3.47364138E+06          1.17846990E+07          6.12940613E+06          2.01527346E+05          3.27815408E+06          9.69806114E+04
       2900.0000          1.00000000E+30          4.93562578E+05          1.41655555E+06          7.34789860E+05          3.74637354E+06          1.31493966E+07          6.83779728E+06          2.22008034E+05          3.61974096E+06          1.06805876E+05
       3000.0000          1.00000000E+30          5.31997832E+05          1.58265713E+06          8.20154671E+05          4.05173894E+06          1.46688903E+07          7.57875013E+06          2.45234336E+05          3.98302698E+06          1.17556297E+05
       3100.0000          1.00000000E+30          5.73600887E+05          1.75761313E+06          9.12534631E+05          4.37497475E+06          1.62299058E+07          8.41621523E+06          2.69187605E+05          4.37951512E+06          1.28859379E+05
       3200.0000          1.00000000E+30          6.19680498E+05          1.94803971E+06          1.01077496E+06          4.71683463E+06          1.79959436E+07          9.35780387E+06          2.94378555E+05          4.78581340E+06          1.40908855E+05
       3300.0000          1.00000000E+30          6.62128368E+05          2.15110101E+06          1.12174015E+06          5.06703857E+06          1.98248216E+07          1.02986437E+07          3.22510700E+05          5.22553071E+06          1.53761756E+05
       3400.0000          1.00000000E+30          7.10842930E+05          2.37212024E+06          1.23676112E+06          5.42582472E+06          2.17560425E+07          1.13249245E+07          3.51321155E+05          5.69408275E+06          1.67294128E+05
       3500.0000          1.00000000E+30          7.61306845E+05          2.61806892E+06          1.35929394E+06          5.80346061E+06          2.38788086E+07          1.24151775E+07          3.83464483E+05          6.19463822E+06          1.81979089E+05
       3600.0000          1.00000000E+30          8.10413118E+05          2.86427773E+06          1.49056900E+06          6.20518933E+06          2.62284142E+07          1.36014793E+07          4.14811437E+05          6.70534625E+06          1.96594065E+05
       3700.0000          1.00000000E+30          8.64301375E+05          3.13174109E+06          1.63590962E+06          6.62578496E+06          2.85709565E+07          1.48853347E+07          4.50347628E+05          7.25736494E+06          2.12811238E+05
       3800.0000          1.00000000E+30          9.20697340E+05          3.42476329E+06          1.78285520E+06          7.04218237E+06          3.12276999E+07          1.62103936E+07          4.87958828E+05          7.85075534E+06          2.29807668E+05
       3900.0000          1.00000000E+30          9.80102972E+05          3.72821795E+06          1.94926932E+06          7.48944046E+06          3.38599829E+07          1.76672146E+07          5.24153158E+05          8.44687225E+06          2.47070887E+05
       4000.0000          1.00000000E+30          1.04078797E+06          4.05525903E+06          2.11955081E+06          7.96679038E+06          3.68447757E+07          1.92180959E+07          5.65293667E+05          9.10349531E+06          2.65763910E+05
       4040.9990          1.00000000E+30          1.06931187E+06          4.20290867E+06          2.18824728E+06          8.15783531E+06          3.80406219E+07          1.98369276E+07          5.81813512E+05          9.40265258E+06          2.73635611E+05
       4041.0010          6.99540690E+04          1.06931330E+06          4.20291614E+06          2.18825108E+06          8.15784535E+06          3.80406866E+07          1.98369625E+07          5.81814392E+05          9.40266775E+06          5.57115985E+04
       4100.0000          7.20474669E+04          1.10276287E+06          4.40522782E+06          2.30638205E+06          8.46511350E+06          3.98886698E+07          2.07960995E+07          6.08983470E+05          9.78349505E+06          5.75284106E+04
       4200.0000          7.58970998E+04          1.17076963E+06          4.78111334E+06          2.49361792E+06          8.96499281E+06          4.32734032E+07          2.25016694E+07          6.52831369E+05          1.04655671E+07          6.08032523E+04
       4300.0000          8.04873493E+04          1.23833175E+06          5.16224976E+06          2.70357919E+06          9.48630693E+06          4.68191399E+07          2.43302823E+07          7.00157761E+05          1.12096816E+07          6.45962371E+04
       4400.0000          8.52794602E+04          1.30838575E+06          5.57864212E+06          2.91142547E+06          1.00345285E+07          5.03320276E+07          2.62822784E+07          7.47886959E+05          1.19831482E+07          6.85339591E+04
       4500.0000          9.02453948E+04          1.38254204E+06          6.02845234E+06          3.14567907E+06          1.05905412E+07          5.42719041E+07          2.82501299E+07          7.99499636E+05          1.28000862E+07          7.26473128E+04
       4600.0000          9.52870545E+04          1.45762245E+06          6.47775118E+06          3.38583428E+06          1.11584113E+07          5.84003784E+07          3.03943990E+07          8.53355068E+05          1.36550370E+07          7.68338484E+04
       4700.0000          1.00446840E+05          1.53366785E+06          6.97922680E+06          3.64241043E+06          1.17707658E+07          6.25256321E+07          3.27005627E+07          9.10011249E+05          1.45204437E+07          8.11381514E+04
       4800.0000          1.06168967E+05          1.61700526E+06          7.49836273E+06          3.91528887E+06          1.24051729E+07          6.71586591E+07          3.51339797E+07          9.69137279E+05          1.55053653E+07          8.58630718E+04
       4900.0000          1.12059916E+05          1.69843246E+06          8.01913571E+06          4.20733948E+06          1.30375875E+07          7.21099020E+07          3.75677035E+07          1.03120162E+06          1.64628300E+07          9.07224477E+04
       5000.0000          1.18175465E+05          1.78328850E+06          8.58990782E+06          4.51229888E+06          1.36964602E+07          7.67734771E+07          4.02006162E+07          1.09642368E+06          1.74061448E+07          9.57743713E+04
       5100.0000          1.24530118E+05          1.87253995E+06          9.18713532E+06          4.82864638E+06          1.43850026E+07          8.20978940E+07          4.29809490E+07          1.16520300E+06          1.84390402E+07          1.01034788E+05
       5200.0000          1.30781492E+05          1.96255690E+06          9.82713081E+06          5.14315322E+06          1.50815080E+07          8.76331325E+07          4.59514128E+07          1.23436783E+06          1.95046328E+07          1.06236571E+05
       5300.0000          1.37231900E+05          2.06623162E+06          1.05003930E+07          5.49699616E+06          1.58739182E+07          9.33801263E+07          4.90288712E+07          1.30216409E+06          2.07103115E+07          1.11627084E+05
       5400.0000          1.44724065E+05          2.15865216E+06          1.11750181E+07          5.87238206E+06          1.65933776E+07          9.95261260E+07          5.21999171E+07          1.37682441E+06          2.18795111E+07          1.17727245E+05
       5500.0000          1.51549435E+05          2.25505797E+06          1.18998658E+07          6.25484001E+06          1.73331130E+07          1.05935343E+08          5.53680375E+07          1.45406393E+06          2.30835639E+07          1.23424676E+05
       5600.0000          1.58707566E+05          2.36678507E+06          1.26632565E+07          6.63646337E+06          1.81865140E+07          1.12332252E+08          5.89154827E+07          1.54117604E+06          2.42870896E+07          1.29467387E+05
       5700.0000          1.65724199E+05          2.47062779E+06          1.34438051E+07          7.05348223E+06          1.89781987E+07          1.19865851E+08          6.26642905E+07          1.62404322E+06          2.55947489E+07          1.35375788E+05
       5800.0000          1.73922943E+05          2.57825880E+06          1.43595151E+07          7.48807736E+06          1.98064395E+07          1.27047312E+08          6.64768037E+07          1.70954351E+06          2.70397798E+07          1.42125121E+05
       5900.0000          1.81558950E+05          2.70337383E+06          1.51854484E+07          7.98141232E+06          2.06735268E+07          1.34021174E+08          7.04641167E+07          1.79937770E+06          2.84125518E+07          1.48591229E+05
       6000.0000          1.89492443E+05          2.81068988E+06          1.60956030E+07          8.42945358E+06          2.16329680E+07          1.41834638E+08          7.45137704E+07          1.89313647E+06          2.97657651E+07          1.55223671E+05
       6100.0000          1.98664307E+05          2.92133515E+06          1.69932270E+07          8.93381650E+06          2.25178495E+07          1.49931243E+08          7.87019536E+07          1.99077848E+06          3.13346412E+07          1.62741292E+05
       6200.0000          2.06588145E+05          3.05364306E+06          1.79922986E+07          9.46306108E+06          2.34167652E+07          1.59143398E+08          8.36190126E+07          2.10187146E+06          3.28714529E+07          1.69594575E+05
       6300.0000          2.16577459E+05          3.17159642E+06          1.90096605E+07          9.99994583E+06          2.43851341E+07          1.68106631E+08          8.83056811E+07          2.20121264E+06          3.44297324E+07          1.77720563E+05
       6400.0000          2.24492036E+05          3.30942087E+06          2.00780798E+07          1.05638565E+07          2.54602355E+07          1.77347060E+08          9.31907560E+07          2.30478949E+06          3.60628931E+07          1.84556621E+05
       6500.0000          2.34159587E+05          3.43715619E+06          2.12007678E+07          1.11578397E+07          2.64691574E+07          1.86465216E+08          9.80114326E+07          2.41533041E+06          3.79103657E+07          1.92601528E+05
       6600.0000          2.43513845E+05          3.57093172E+06          2.23520277E+07          1.17662063E+07          2.75161319E+07          1.97284897E+08          1.03737597E+08          2.52685753E+06          3.96260912E+07          2.00467302E+05
       6700.0000          2.54545353E+05          3.71042120E+06          2.35403754E+07          1.23939932E+07          2.85439347E+07          2.07420341E+08          1.09100607E+08          2.64106909E+06          4.13983008E+07          2.09509228E+05
       6800.0000          2.64126029E+05          3.86175082E+06          2.48959958E+07          1.31128859E+07          2.97463264E+07          2.18021707E+08          1.14712179E+08          2.76381187E+06          4.32497121E+07          2.17707847E+05
       6900.0000          2.74339135E+05          4.00354549E+06          2.61898084E+07          1.37980616E+07          3.08151154E+07          2.29285194E+08          1.20676901E+08          2.89066055E+06          4.51787386E+07          2.26309149E+05
       7000.0000          2.85006876E+05          4.14837543E+06          2.75217804E+07          1.45041260E+07          3.19542734E+07          2.40726478E+08          1.26737048E+08          3.03171837E+06          4.71187069E+07          2.35325438E+05
       7100.0000          2.96775441E+05          4.31172942E+06          2.89216696E+07          1.52464719E+07          3.30970118E+07          2.52479663E+08          1.32964038E+08          3.15960639E+06          4.93111628E+07          2.45091317E+05
       7200.0000          3.07945183E+05          4.46888479E+06          3.03873383E+07          1.60239770E+07          3.43981104E+07          2.66053351E+08          1.40161856E+08          3.29185815E+06          5.13206430E+07          2.54475891E+05
       7300.0000          3.20860680E+05          4.62937852E+06          3.18436850E+07          1.67965992E+07          3.55581747E+07          2.78877045E+08          1.46961720E+08          3.44652495E+06          5.34637277E+07          2.65186342E+05
       7400.0000          3.31678719E+05          4.81011905E+06          3.33791616E+07          1.76115144E+07          3.68173170E+07          2.92083249E+08          1.53965846E+08          3.58640723E+06          5.56449560E+07          2.74462715E+05
       7500.0000          3.43188225E+05          4.96637120E+06          3.49949613E+07          1.84693791E+07          3.82169801E+07          3.05938955E+08          1.61317224E+08          3.73353470E+06          5.78574217E+07          2.84196926E+05
       7600.0000          3.55462105E+05          5.15818218E+06          3.67894793E+07          1.94227486E+07          3.95133268E+07          3.20397149E+08          1.68990931E+08          3.88670623E+06          6.03612530E+07          2.94639805E+05
       7700.0000          3.68999775E+05          5.32118724E+06          3.84712747E+07          2.03160508E+07          4.08603746E+07          3.34798822E+08          1.76635363E+08          4.06088496E+06          6.26628985E+07          3.05950338E+05
       7800.0000          3.81322199E+05          5.49805373E+06          4.01918874E+07          2.12301728E+07          4.23764220E+07          3.51512828E+08          1.85515223E+08          4.21212350E+06          6.53208725E+07          3.16368354E+05
       7900.0000          3.95823864E+05          5.69842949E+06          4.22214666E+07          2.23094703E+07          4.36880581E+07          3.66783751E+08          1.93625504E+08          4.37238878E+06          6.77431736E+07          3.28448003E+05
       8000.0000          4.08277824E+05          5.87451763E+06          4.40638397E+07          2.32975577E+07          4.52933320E+07          3.83107126E+08          2.02298851E+08          4.54254700E+06          7.02862975E+07          3.39079986E+05
       8100.0000          4.23521641E+05          6.08728397E+06          4.59783286E+07          2.43215454E+07          4.66567381E+07          3.99608257E+08          2.11068125E+08          4.73062723E+06          7.31449632E+07          3.51861192E+05
       8200.0000          4.37356154E+05          6.26408617E+06          4.79983518E+07          2.53982084E+07          4.81329550E+07          4.18682485E+08          2.21213781E+08          4.90315883E+06          7.58006638E+07          3.63485608E+05
       8300.0000          4.51542374E+05          6.46232474E+06          5.01041294E+07          2.65204148E+07          4.98085659E+07          4.35699244E+08          2.30260536E+08          5.10747090E+06          7.86155736E+07          3.75619786E+05
       8400.0000          4.67689274E+05          6.68391693E+06          5.22865703E+07          2.77836292E+07          5.12781976E+07          4.53955752E+08          2.39982620E+08          5.28240317E+06          8.16760772E+07          3.89055862E+05
       8500.0000          4.82508354E+05          6.88767427E+06          5.46709320E+07          2.89086214E+07          5.30540675E+07          4.75050764E+08          2.51221134E+08          5.47669556E+06          8.44319359E+07          4.01615638E+05
       8600.0000          4.97989541E+05          7.10012076E+06          5.68890704E+07          3.01034940E+07          5.45254319E+07          4.94111229E+08          2.61370876E+08          5.67701500E+06          8.77484534E+07          4.14688467E+05
       8700.0000          5.15164121E+05          7.33493210E+06          5.95118802E+07          3.13701437E+07          5.61661056E+07          5.14228057E+08          2.72087851E+08          5.90134910E+06          9.06346487E+07          4.29174591E+05
       8800.0000          5.33565643E+05          7.58580574E+06          6.18478251E+07          3.27663736E+07          5.80121361E+07          5.35215067E+08          2.83272489E+08          6.09702157E+06          9.37448114E+07          4.44441537E+05
       8900.0000          5.48251575E+05          7.78735255E+06          6.43560375E+07          3.40636742E+07          5.96924023E+07          5.58937262E+08          2.95925422E+08          6.33698054E+06          9.72428604E+07          4.57185254E+05
       9000.0000          5.64247134E+05          8.00611727E+06          6.68866134E+07          3.55986397E+07          6.14492367E+07          5.79776341E+08          3.07033160E+08          6.53726921E+06          1.00417729E+08          4.70720692E+05
       9100.0000          5.82856962E+05          8.25932733E+06          6.98173640E+07          3.69249941E+07          6.33883587E+07          6.02001846E+08          3.18885856E+08          6.78859872E+06          1.04088221E+08          4.86463448E+05
       9200.0000          5.99934194E+05          8.49213903E+06          7.24142831E+07          3.83463180E+07          6.54538522E+07          6.27397714E+08          3.32441395E+08          7.00239132E+06          1.07246741E+08          5.00875149E+05
       9300.0000          6.19615647E+05          8.75915224E+06          7.55869191E+07          3.99975482E+07          6.71144063E+07          6.51226584E+08          3.45157320E+08          7.23091382E+06          1.10810003E+08          5.17342981E+05
       9400.0000          6.36551176E+05          8.98984465E+06          7.83034229E+07          4.14837913E+07          6.92562146E+07          6.75247100E+08          3.57977429E+08          7.46992241E+06          1.14714502E+08          5.31807428E+05
       9500.0000          6.57179449E+05          9.26898660E+06          8.11644512E+07          4.32539450E+07          7.10013731E+07          7.03139129E+08          3.72878530E+08          7.73430428E+06          1.18221346E+08          5.49172315E+05
       9600.0000          6.74286526E+05          9.50170735E+06          8.45173846E+07          4.48330766E+07          7.29304923E+07          7.27756396E+08          3.86021705E+08          8.01808727E+06          1.22314835E+08          5.64015761E+05
       9700.0000          6.95518730E+05          9.78845741E+06          8.75590339E+07          4.65022149E+07          7.51005457E+07          7.57538583E+08          4.01942275E+08          8.24686162E+06          1.25948314E+08          5.81671425E+05
       9800.0000          7.14768471E+05          1.00469829E+07          9.07827307E+07          4.82428030E+07          7.70162150E+07          7.83825735E+08          4.15977850E+08          8.49636270E+06          1.30179598E+08          5.97952457E+05
       9900.0000          7.34714685E+05          1.03486518E+07          9.43768236E+07          5.01950737E+07          7.92734010E+07          8.15879366E+08          4.33120039E+08          8.78524987E+06          1.34042970E+08          6.15135485E+05
      10000.0000          7.57024074E+05          1.06123811E+07          9.77690538E+07          5.19200945E+07          8.12262599E+07          8.43050148E+08          4.47637875E+08          9.05215719E+06          1.38483482E+08          6.33672017E+05
      11000.0000          9.86396942E+05          1.37076423E+07          1.38282073E+08          7.37962039E+07          1.05406893E+08          1.18746274E+09          6.32030723E+08          1.22245470E+07          1.84620862E+08          8.28736886E+05
      12000.0000          1.26647635E+06          1.74117709E+07          1.89270011E+08          1.01228854E+08          1.32995248E+08          1.62407331E+09          8.64280573E+08          1.60191659E+07          2.42054452E+08          1.06605813E+06
      13000.0000          1.59039894E+06          2.16634203E+07          2.53629586E+08          1.35580401E+08          1.65649375E+08          2.17650996E+09          1.15793421E+09          2.06138422E+07          3.08542121E+08          1.34162580E+06
      14000.0000          1.96324765E+06          2.65782437E+07          3.33211260E+08          1.79129704E+08          2.03553329E+08          2.85235424E+09          1.52501496E+09          2.60128484E+07          3.87631872E+08          1.65972393E+06
      15000.0000          2.39393794E+06          3.22711963E+07          4.29159519E+08          2.30459327E+08          2.46580764E+08          3.66104434E+09          1.96240612E+09          3.22847702E+07          4.80642745E+08          2.02728091E+06
      16000.0000          2.89578215E+06          3.87223752E+07          5.45756610E+08          2.93865861E+08          2.95610756E+08          4.64619650E+09          2.49175307E+09          3.95514467E+07          5.86896520E+08          2.45473034E+06
      17000.0000          3.43909533E+06          4.58407767E+07          6.83604642E+08          3.68896748E+08          3.50478352E+08          5.79722534E+09          3.12596601E+09          4.79831327E+07          7.08548408E+08          2.92090167E+06
      18000.0000          4.08366991E+06          5.38681655E+07          8.45052682E+08          4.56583848E+08          4.12681788E+08          7.16042011E+09          3.87938373E+09          5.76127401E+07          8.46927462E+08          3.47012851E+06
      19000.0000          4.77991768E+06          6.30017168E+07          1.03556374E+09          5.62473538E+08          4.80268814E+08          8.75962894E+09          4.74763965E+09          6.83857487E+07          1.00753071E+09          4.06756817E+06
      20000.0000          5.54064601E+06          7.28948697E+07          1.25735526E+09          6.81033211E+08          5.54618658E+08          1.05881332E+10          5.77117857E+09          8.05456310E+07          1.17989134E+09          4.72143415E+06
      21000.0000          6.40050674E+06          8.36847018E+07          1.50941776E+09          8.19431377E+08          6.37988886E+08          1.27135905E+10          6.95779405E+09          9.40733871E+07          1.37371774E+09          5.45798301E+06
      22000.0000          7.34896093E+06          9.59029040E+07          1.79952689E+09          9.77760824E+08          7.29630997E+08          1.51500176E+10          8.24860098E+09          1.09474739E+08          1.58832379E+09          6.27347711E+06
      23000.0000          8.40212561E+06          1.09159620E+08          2.12662539E+09          1.16236295E+09          8.30955419E+08          1.78817985E+10          9.76939871E+09          1.26036782E+08          1.83013489E+09          7.17611019E+06
      24000.0000          9.56220019E+06          1.23186765E+08          2.49607735E+09          1.36415019E+09          9.40245378E+08          2.10297395E+10          1.14950574E+10          1.44565823E+08          2.09521815E+09          8.16843160E+06
      25000.0000          1.07999259E+07          1.38884778E+08          2.91844650E+09          1.60350845E+09          1.05967247E+09          2.44714633E+10          1.34605924E+10          1.65130427E+08          2.38323434E+09          9.23412357E+06
      26000.0000          1.21076396E+07          1.55905184E+08          3.39012030E+09          1.85638179E+09          1.18496291E+09          2.84434673E+10          1.56076776E+10          1.87631323E+08          2.69314979E+09          1.03643759E+07
      27000.0000          1.35472161E+07          1.74020688E+08          3.90381442E+09          2.14916775E+09          1.32404363E+09          3.28356639E+10          1.80769479E+10          2.12165318E+08          3.04722175E+09          1.16054636E+07
      28000.0000          1.51114316E+07          1.93436309E+08          4.47534275E+09          2.46620012E+09          1.47178147E+09          3.76503808E+10          2.07052072E+10          2.38431272E+08          3.40507822E+09          1.29507305E+07
      29000.0000          1.67967065E+07          2.14522567E+08          5.12454258E+09          2.82261661E+09          1.63832706E+09          4.29148469E+10          2.37410040E+10          2.67047826E+08          3.81837087E+09          1.44032537E+07
      30000.0000          1.86105897E+07          2.38397687E+08          5.83214146E+09          3.22193778E+09          1.80701921E+09          4.88180862E+10          2.70357700E+10          2.98143690E+08          4.24122815E+09          1.59718655E+07
      31000.0000          2.06094795E+07          2.61755087E+08          6.60429028E+09          3.65518040E+09          1.99149256E+09          5.52888494E+10          3.06416498E+10          3.30777287E+08          4.71379995E+09          1.76819305E+07
      32000.0000          2.26686973E+07          2.87257178E+08          7.45691413E+09          4.12695424E+09          2.19445989E+09          6.24003284E+10          3.46371567E+10          3.66547033E+08          5.22055008E+09          1.94584283E+07
      33000.0000          2.48544939E+07          3.15562776E+08          8.39465162E+09          4.64742679E+09          2.39891349E+09          7.02013895E+10          3.90750426E+10          4.06110215E+08          5.77563670E+09          2.13540020E+07
      34000.0000          2.72744532E+07          3.43774622E+08          9.39715285E+09          5.23398025E+09          2.61403593E+09          7.87601392E+10          4.38131670E+10          4.46858878E+08          6.33849684E+09          2.34277718E+07
      35000.0000          2.97422530E+07          3.75785131E+08          1.05325116E+10          5.83998729E+09          2.86166963E+09          8.81874285E+10          4.90540313E+10          4.90261535E+08          6.94842207E+09          2.55661039E+07
      36000.0000          3.24624876E+07          4.08408744E+08          1.17026874E+10          6.51472511E+09          3.10220226E+09          9.79436884E+10          5.46567744E+10          5.38376841E+08          7.62244496E+09          2.79082123E+07
      37000.0000          3.52094080E+07          4.43984896E+08          1.29977486E+10          7.25036408E+09          3.37346273E+09          1.08670387E+11          6.07691325E+10          5.87674583E+08          8.30068541E+09          3.02912144E+07
      38000.0000          3.82258842E+07          4.79725712E+08          1.43896961E+10          8.05230840E+09          3.65016657E+09          1.20189473E+11          6.72345496E+10          6.41948289E+08          9.06545263E+09          3.28907214E+07
      39000.0000          4.14324697E+07          5.19316718E+08          1.58926866E+10          8.94448043E+09          3.94864650E+09          1.32666872E+11          7.45024109E+10          7.00297225E+08          9.81497576E+09          3.56632725E+07
      40000.0000          4.48499888E+07          5.59249994E+08          1.74925343E+10          9.82864309E+09          4.25301174E+09          1.46471555E+11          8.24274503E+10          7.57697703E+08          1.06627288E+10          3.85933076E+07
      41000.0000          4.82919273E+07          6.04060608E+08          1.92627570E+10          1.08137373E+10          4.58255187E+09          1.60586912E+11          9.04710576E+10          8.22581429E+08          1.15227086E+10          4.15883142E+07
      42000.0000          5.20114101E+07          6.50534342E+08          2.11829442E+10          1.18668570E+10          4.92887540E+09          1.76499411E+11          9.93485689E+10          8.88635978E+08          1.24705043E+10          4.48041698E+07
      43000.0000          5.59529510E+07          6.99009937E+08          2.31067956E+10          1.30439268E+10          5.30700126E+09          1.92766800E+11          1.08604860E+11          9.61224472E+08          1.34400504E+10          4.82153932E+07
      44000.0000          6.01832393E+07          7.46827673E+08          2.52946629E+10          1.42992474E+10          5.69515785E+09          2.11045575E+11          1.18671532E+11          1.03541729E+09          1.44707489E+10          5.18456040E+07
      45000.0000          6.41882987E+07          8.00842591E+08          2.75078361E+10          1.55185669E+10          6.09745293E+09          2.29612015E+11          1.29683827E+11          1.11724986E+09          1.55555058E+10          5.53585696E+07
      46000.0000          6.87641794E+07          8.56073139E+08          2.99963837E+10          1.69422470E+10          6.49203509E+09          2.49534658E+11          1.41560218E+11          1.20176925E+09          1.67204058E+10          5.93121172E+07
      47000.0000          7.35912217E+07          9.11361473E+08          3.25159118E+10          1.83863128E+10          6.93935775E+09          2.70820575E+11          1.53387952E+11          1.28979829E+09          1.79123487E+10          6.34661167E+07
      48000.0000          7.84303251E+07          9.71434218E+08          3.52194346E+10          2.00016207E+10          7.39473249E+09          2.93488907E+11          1.66709028E+11          1.37647151E+09          1.91454448E+10          6.76529128E+07
      49000.0000          8.37205152E+07          1.03402688E+09          3.81929475E+10          2.16406242E+10          7.87278482E+09          3.18236841E+11          1.81001682E+11          1.47492851E+09          2.04563447E+10          7.22201076E+07
      50000.0000          8.91009498E+07          1.10081564E+09          4.12337307E+10          2.33960281E+10          8.38145296E+09          3.44099156E+11          1.95251629E+11          1.57558384E+09          2.18370921E+10          7.68849046E+07
